   9.9999997764825821E-003  0.15707963267948966        138.55583529411754     
   9.9999997764825821E-003  0.31415926535897931        138.55563137254907     
   9.9999997764825821E-003  0.47123889803846897        138.55440784313734     
   9.9999997764825821E-003  0.62831853071795862        138.55216470588235     
   9.9999997764825821E-003  0.78539816339744828        138.54920784313731     
   9.9999997764825821E-003  0.94247779607693793        138.54574117647056     
   9.9999997764825821E-003   1.0995574287564276        138.54186666666661     
   9.9999997764825821E-003   1.2566370614359172        138.53809411764701     
   9.9999997764825821E-003   1.4137166941154069        138.53442352941187     
   9.9999997764825821E-003   1.5707963267948966        138.53116078431361     
   9.9999997764825821E-003   1.7278759594743862        138.52850980392165     
   9.9999997764825821E-003   1.8849555921538759        138.52636862745109     
   9.9999997764825821E-003   2.0420352248333655        138.52483921568617     
   9.9999997764825821E-003   2.1991148575128552        138.52392156862726     
   9.9999997764825821E-003   2.3561944901923448        138.52341176470597     
   9.9999997764825821E-003   2.5132741228718345        138.52310588235281     
   9.9999997764825821E-003   2.6703537555513241        138.52300392156869     
   9.9999997764825821E-003   2.8274333882308138        138.52290196078434     
   9.9999997764825821E-003   2.9845130209103035        138.52249411764711     
   9.9999997764825821E-003   3.1415926535897931        138.52188235294113     
   9.9999997764825821E-003   3.2986722862692828        138.52096470588225     
   9.9999997764825821E-003   3.4557519189487724        138.51974117647049     
   9.9999997764825821E-003   3.6128315516282621        138.51831372549029     
   9.9999997764825821E-003   3.7699111843077517        138.51678431372545     
   9.9999997764825821E-003   3.9269908169872414        138.51535686274516     
   9.9999997764825821E-003   4.0840704496667311        138.51433725490199     
   9.9999997764825821E-003   4.2411500823462207        138.51372549019590     
   9.9999997764825821E-003   4.3982297150257104        138.51382745098027     
   9.9999997764825821E-003   4.5553093477052000        138.51464313725481     
   9.9999997764825821E-003   4.7123889803846897        138.51647843137255     
   9.9999997764825821E-003   4.8694686130641793        138.51912941176482     
   9.9999997764825821E-003   5.0265482457436690        138.52259607843149     
   9.9999997764825821E-003   5.1836278784231586        138.52677647058835     
   9.9999997764825821E-003   5.3407075111026483        138.53146666666677     
   9.9999997764825821E-003   5.4977871437821380        138.53636078431364     
   9.9999997764825821E-003   5.6548667764616276        138.54125490196085     
   9.9999997764825821E-003   5.8119464091411173        138.54574117647056     
   9.9999997764825821E-003   5.9690260418206069        138.54971764705891     
   9.9999997764825821E-003   6.1261056745000966        138.55277647058833     
   9.9999997764825821E-003   6.2831853071795862        138.55481568627459     
   2.5255102664232254E-002  0.15707963267948966        138.16542745098045     
   2.5255102664232254E-002  0.31415926535897931        138.16298039215698     
   2.5255102664232254E-002  0.47123889803846897        138.15614901960791     
   2.5255102664232254E-002  0.62831853071795862        138.14564705882339     
   2.5255102664232254E-002  0.78539816339744828        138.13249411764698     
   2.5255102664232254E-002  0.94247779607693793        138.11760784313714     
   2.5255102664232254E-002   1.0995574287564276        138.10231372549006     
   2.5255102664232254E-002   1.2566370614359172        138.08783529411750     
   2.5255102664232254E-002   1.4137166941154069        138.07529411764708     
   2.5255102664232254E-002   1.5707963267948966        138.06550588235291     
   2.5255102664232254E-002   1.7278759594743862        138.05908235294115     
   2.5255102664232254E-002   1.8849555921538759        138.05612549019611     
   2.5255102664232254E-002   2.0420352248333655        138.05663529411771     
   2.5255102664232254E-002   2.1991148575128552        138.06000000000003     
   2.5255102664232254E-002   2.3561944901923448        138.06550588235291     
   2.5255102664232254E-002   2.5132741228718345        138.07213333333326     
   2.5255102664232254E-002   2.6703537555513241        138.07876078431383     
   2.5255102664232254E-002   2.8274333882308138        138.08426666666671     
   2.5255102664232254E-002   2.9845130209103035        138.08783529411750     
   2.5255102664232254E-002   3.1415926535897931        138.08885490196079     
   2.5255102664232254E-002   3.2986722862692828        138.08681568627455     
   2.5255102664232254E-002   3.4557519189487724        138.08181960784324     
   2.5255102664232254E-002   3.6128315516282621        138.07427450980381     
   2.5255102664232254E-002   3.7699111843077517        138.06499607843131     
   2.5255102664232254E-002   3.9269908169872414        138.05490196078435     
   2.5255102664232254E-002   4.0840704496667311        138.04531764705865     
   2.5255102664232254E-002   4.2411500823462207        138.03716078431384     
   2.5255102664232254E-002   4.3982297150257104        138.03165490196088     
   2.5255102664232254E-002   4.5553093477052000        138.02971764705879     
   2.5255102664232254E-002   4.7123889803846897        138.03175686274497     
   2.5255102664232254E-002   4.8694686130641793        138.03797647058829     
   2.5255102664232254E-002   5.0265482457436690        138.04827450980412     
   2.5255102664232254E-002   5.1836278784231586        138.06203921568624     
   2.5255102664232254E-002   5.3407075111026483        138.07835294117658     
   2.5255102664232254E-002   5.4977871437821380        138.09609411764711     
   2.5255102664232254E-002   5.6548667764616276        138.11403921568635     
   2.5255102664232254E-002   5.8119464091411173        138.13076078431362     
   2.5255102664232254E-002   5.9690260418206069        138.14523921568619     
   2.5255102664232254E-002   6.1261056745000966        138.15625098039237     
   2.5255102664232254E-002   6.2831853071795862        138.16308235294107     
   7.1020409464836121E-002  0.15707963267948966        134.64981960784323     
   7.1020409464836121E-002  0.31415926535897931        134.63044705882342     
   7.1020409464836121E-002  0.47123889803846897        134.58792941176458     
   7.1020409464836121E-002  0.62831853071795862        134.52654901960793     
   7.1020409464836121E-002  0.78539816339744828        134.45160784313725     
   7.1020409464836121E-002  0.94247779607693793        134.36993725490188     
   7.1020409464836121E-002   1.0995574287564276        134.28877647058818     
   7.1020409464836121E-002   1.2566370614359172        134.21495686274517     
   7.1020409464836121E-002   1.4137166941154069        134.15490196078429     
   7.1020409464836121E-002   1.5707963267948966        134.11370980392158     
   7.1020409464836121E-002   1.7278759594743862        134.09454117647056     
   7.1020409464836121E-002   1.8849555921538759        134.09892549019614     
   7.1020409464836121E-002   2.0420352248333655        134.12574117647065     
   7.1020409464836121E-002   2.1991148575128552        134.17172549019625     
   7.1020409464836121E-002   2.3561944901923448        134.23178039215674     
   7.1020409464836121E-002   2.5132741228718345        134.29887058823516     
   7.1020409464836121E-002   2.6703537555513241        134.36514509803902     
   7.1020409464836121E-002   2.8274333882308138        134.42275294117644     
   7.1020409464836121E-002   2.9845130209103035        134.46445490196083     
   7.1020409464836121E-002   3.1415926535897931        134.48474509803918     
   7.1020409464836121E-002   3.2986722862692828        134.48087058823518     
   7.1020409464836121E-002   3.4557519189487724        134.45272941176455     
   7.1020409464836121E-002   3.6128315516282621        134.40317647058828     
   7.1020409464836121E-002   3.7699111843077517        134.33771764705887     
   7.1020409464836121E-002   3.9269908169872414        134.26369411764702     
   7.1020409464836121E-002   4.0840704496667311        134.18926274509798     
   7.1020409464836121E-002   4.2411500823462207        134.12268235294118     
   7.1020409464836121E-002   4.3982297150257104        134.07119215686274     
   7.1020409464836121E-002   4.5553093477052000        134.04019607843134     
   7.1020409464836121E-002   4.7123889803846897        134.03305882352953     
   7.1020409464836121E-002   4.8694686130641793        134.05090196078442     
   7.1020409464836121E-002   5.0265482457436690        134.09260392156872     
   7.1020409464836121E-002   5.1836278784231586        134.15469803921582     
   7.1020409464836121E-002   5.3407075111026483        134.23218823529407     
   7.1020409464836121E-002   5.4977871437821380        134.31865098039222     
   7.1020409464836121E-002   5.6548667764616276        134.40715294117658     
   7.1020409464836121E-002   5.8119464091411173        134.49025098039209     
   7.1020409464836121E-002   5.9690260418206069        134.56121568627444     
   7.1020409464836121E-002   6.1261056745000966        134.61392941176464     
   7.1020409464836121E-002   6.2831853071795862        134.64431372549026     
  0.14729592204093933       0.15707963267948966        120.12948235294134     
  0.14729592204093933       0.31415926535897931        120.07432156862738     
  0.14729592204093933       0.47123889803846897        119.96134901960779     
  0.14729592204093933       0.62831853071795862        119.80137254901946     
  0.14729592204093933       0.78539816339744828        119.60927843137246     
  0.14729592204093933       0.94247779607693793        119.40219607843152     
  0.14729592204093933        1.0995574287564276        119.19807058823541     
  0.14729592204093933        1.2566370614359172        119.01443921568638     
  0.14729592204093933        1.4137166941154069        118.86700392156872     
  0.14729592204093933        1.5707963267948966        118.76850980392148     
  0.14729592204093933        1.7278759594743862        118.72792941176478     
  0.14729592204093933        1.8849555921538759        118.75005490196088     
  0.14729592204093933        2.0420352248333655        118.83396862745089     
  0.14729592204093933        2.1991148575128552        118.97324705882359     
  0.14729592204093933        2.3561944901923448        119.15524705882369     
  0.14729592204093933        2.5132741228718345        119.36192156862738     
  0.14729592204093933        2.6703537555513241        119.57043137254914     
  0.14729592204093933        2.8274333882308138        119.75630588235278     
  0.14729592204093933        2.9845130209103035        119.89609411764717     
  0.14729592204093933        3.1415926535897931        119.97072941176471     
  0.14729592204093933        3.2986722862692828        119.96940392156854     
  0.14729592204093933        3.4557519189487724        119.89140392156874     
  0.14729592204093933        3.6128315516282621        119.74600784313732     
  0.14729592204093933        3.7699111843077517        119.55187450980380     
  0.14729592204093933        3.9269908169872414        119.33276078431378     
  0.14729592204093933        4.0840704496667311        119.11476862745110     
  0.14729592204093933        4.2411500823462207        118.92175686274517     
  0.14729592204093933        4.3982297150257104        118.77319999999990     
  0.14729592204093933        4.5553093477052000        118.68214901960798     
  0.14729592204093933        4.7123889803846897        118.65533333333345     
  0.14729592204093933        4.8694686130641793        118.69305882352948     
  0.14729592204093933        5.0265482457436690        118.79043137254911     
  0.14729592204093933        5.1836278784231586        118.93827450980392     
  0.14729592204093933        5.3407075111026483        119.12425098039201     
  0.14729592204093933        5.4977871437821380        119.33306666666657     
  0.14729592204093933        5.6548667764616276        119.54759215686258     
  0.14729592204093933        5.8119464091411173        119.74998431372539     
  0.14729592204093933        5.9690260418206069        119.92260392156851     
  0.14729592204093933        6.1261056745000966        120.05025882352946     
  0.14729592204093933        6.2831853071795862        120.12132549019613     
  0.25408163666725159       0.15707963267948966        90.747483921568588     
  0.25408163666725159       0.31415926535897931        90.668861960784298     
  0.25408163666725159       0.47123889803846897        90.511811764705982     
  0.25408163666725159       0.62831853071795862        90.292269803921570     
  0.25408163666725159       0.78539816339744828        90.031290980392157     
  0.25408163666725159       0.94247779607693793        89.752438431372539     
  0.25408163666725159        1.0995574287564276        89.479469019607748     
  0.25408163666725159        1.2566370614359172        89.234599999999972     
  0.25408163666725159        1.4137166941154069        89.037499607843131     
  0.25408163666725159        1.5707963267948966        88.904573333333332     
  0.25408163666725159        1.7278759594743862        88.848352156862745     
  0.25408163666725159        1.8849555921538759        88.876697254901927     
  0.25408163666725159        2.0420352248333655        88.991596862745098     
  0.25408163666725159        2.1991148575128552        89.187749019607935     
  0.25408163666725159        2.3561944901923448        89.451062745098014     
  0.25408163666725159        2.5132741228718345        89.757964705882344     
  0.25408163666725159        2.6703537555513241        90.076092549019663     
  0.25408163666725159        2.8274333882308138        90.367119215686316     
  0.25408163666725159        2.9845130209103035        90.591942745098038     
  0.25408163666725159        3.1415926535897931        90.717517647058884     
  0.25408163666725159        3.2986722862692828        90.723727058823542     
  0.25408163666725159        3.4557519189487724        90.608123921568662     
  0.25408163666725159        3.6128315516282621        90.386960784313615     
  0.25408163666725159        3.7699111843077517        90.091825098039280     
  0.25408163666725159        3.9269908169872414        89.763103529411794     
  0.25408163666725159        4.0840704496667311        89.442314509803950     
  0.25408163666725159        4.2411500823462207        89.165399215686222     
  0.25408163666725159        4.3982297150257104        88.958449411764704     
  0.25408163666725159        4.5553093477052000        88.836279999999960     
  0.25408163666725159        4.7123889803846897        88.803356862745147     
  0.25408163666725159        4.8694686130641793        88.856131764705907     
  0.25408163666725159        5.0265482457436690        88.985570980392083     
  0.25408163666725159        5.1836278784231586        89.179021176470556     
  0.25408163666725159        5.3407075111026483        89.421035294117672     
  0.25408163666725159        5.4977871437821380        89.693454117647136     
  0.25408163666725159        5.6548667764616276        89.975324705882386     
  0.25408163666725159        5.8119464091411173        90.243440784313790     
  0.25408163666725159        5.9690260418206069        90.473963921568696     
  0.25408163666725159        6.1261056745000966        90.644931764705845     
  0.25408163666725159        6.2831853071795862        90.739306666666636     
  0.39137753844261169       0.15707963267948966        57.645201568627449     
  0.39137753844261169       0.31415926535897931        57.570698823529469     
  0.39137753844261169       0.47123889803846897        57.423406274509851     
  0.39137753844261169       0.62831853071795862        57.219250196078377     
  0.39137753844261169       0.78539816339744828        56.978785882352980     
  0.39137753844261169       0.94247779607693793        56.724179607843183     
  0.39137753844261169        1.0995574287564276        56.476710588235285     
  0.39137753844261169        1.2566370614359172        56.255374117647136     
  0.39137753844261169        1.4137166941154069        56.076402352941230     
  0.39137753844261169        1.5707963267948966        55.953468235294118     
  0.39137753844261169        1.7278759594743862        55.897838431372605     
  0.39137753844261169        1.8849555921538759        55.918036862745119     
  0.39137753844261169        2.0420352248333655        56.018672156862692     
  0.39137753844261169        2.1991148575128552        56.198429019607786     
  0.39137753844261169        2.3561944901923448        56.447753725490166     
  0.39137753844261169        2.5132741228718345        56.746743529411688     
  0.39137753844261169        2.6703537555513241        57.064738823529353     
  0.39137753844261169        2.8274333882308138        57.362535686274505     
  0.39137753844261169        2.9845130209103035        57.597830588235318     
  0.39137753844261169        3.1415926535897931        57.733285490196138     
  0.39137753844261169        3.2986722862692828        57.745255686274447     
  0.39137753844261169        3.4557519189487724        57.630141960784350     
  0.39137753844261169        3.6128315516282621        57.405920000000030     
  0.39137753844261169        3.7699111843077517        57.107960000000041     
  0.39137753844261169        3.9269908169872414        56.780645490196086     
  0.39137753844261169        4.0840704496667311        56.467850196078452     
  0.39137753844261169        4.2411500823462207        56.205148235294160     
  0.39137753844261169        4.3982297150257104        56.015582745098101     
  0.39137753844261169        4.5553093477052000        55.909258039215679     
  0.39137753844261169        4.7123889803846897        55.885796862745039     
  0.39137753844261169        4.8694686130641793        55.938214901960833     
  0.39137753844261169        5.0265482457436690        56.056295686274467     
  0.39137753844261169        5.1836278784231586        56.228690980392152     
  0.39137753844261169        5.3407075111026483        56.443094117647007     
  0.39137753844261169        5.4977871437821380        56.685352941176433     
  0.39137753844261169        5.6548667764616276        56.938338039215687     
  0.39137753844261169        5.8119464091411173        57.181698039215711     
  0.39137753844261169        5.9690260418206069        57.393134117647044     
  0.39137753844261169        6.1261056745000966        57.551132549019663     
  0.39137753844261169        6.2831853071795862        57.638441568627485     
  0.55918365716934204       0.15707963267948966        31.723538039215708     
  0.55918365716934204       0.31415926535897931        31.668091764705910     
  0.55918365716934204       0.47123889803846897        31.558861176470625     
  0.55918365716934204       0.62831853071795862        31.408448627450980     
  0.55918365716934204       0.78539816339744828        31.232943529411799     
  0.55918365716934204       0.94247779607693793        31.049128627450955     
  0.55918365716934204        1.0995574287564276        30.872308235294096     
  0.55918365716934204        1.2566370614359172        30.715064313725481     
  0.55918365716934204        1.4137166941154069        30.587460392156881     
  0.55918365716934204        1.5707963267948966        30.497908235294144     
  0.55918365716934204        1.7278759594743862        30.454044705882328     
  0.55918365716934204        1.8849555921538759        30.462894901960770     
  0.55918365716934204        2.0420352248333655        30.529913725490164     
  0.55918365716934204        2.1991148575128552        30.657099607843175     
  0.55918365716934204        2.3561944901923448        30.840486274509832     
  0.55918365716934204        2.5132741228718345        31.067471372549051     
  0.55918365716934204        2.6703537555513241        31.315470588235296     
  0.55918365716934204        2.8274333882308138        31.553161568627427     
  0.55918365716934204        2.9845130209103035        31.744939607843097     
  0.55918365716934204        3.1415926535897931        31.858197647058848     
  0.55918365716934204        3.2986722862692828        31.871513725490171     
  0.55918365716934204        3.4557519189487724        31.781023529411780     
  0.55918365716934204        3.6128315516282621        31.602153725490179     
  0.55918365716934204        3.7699111843077517        31.365696470588212     
  0.55918365716934204        3.9269908169872414        31.109785098039250     
  0.55918365716934204        4.0840704496667311        30.870738039215670     
  0.55918365716934204        4.2411500823462207        30.676135686274481     
  0.55918365716934204        4.3982297150257104        30.541476078431398     
  0.55918365716934204        4.5553093477052000        30.470817254901998     
  0.55918365716934204        4.7123889803846897        30.460050196078452     
  0.55918365716934204        4.8694686130641793        30.501272941176477     
  0.55918365716934204        5.0265482457436690        30.586032941176452     
  0.55918365716934204        5.1836278784231586        30.706774901960774     
  0.55918365716934204        5.3407075111026483        30.856361568627420     
  0.55918365716934204        5.4977871437821380        31.026564705882372     
  0.55918365716934204        5.6548667764616276        31.206566274509829     
  0.55918365716934204        5.8119464091411173        31.382244705882385     
  0.55918365716934204        5.9690260418206069        31.536898823529384     
  0.55918365716934204        6.1261056745000966        31.653613333333350     
  0.55918365716934204        6.2831853071795862        31.718501176470554     
  0.75749999284744263       0.15707963267948966        15.492145882352961     
  0.75749999284744263       0.31415926535897931        15.457499607843154     
  0.75749999284744263       0.47123889803846897        15.389216470588252     
  0.75749999284744263       0.62831853071795862        15.295626666666655     
  0.75749999284744263       0.78539816339744828        15.187476862745109     
  0.75749999284744263       0.94247779607693793        15.075778823529417     
  0.75749999284744263        1.0995574287564276        14.969943529411774     
  0.75749999284744263        1.2566370614359172        14.876822745098019     
  0.75749999284744263        1.4137166941154069        14.801086274509812     
  0.75749999284744263        1.5707963267948966        14.746588235294132     
  0.75749999284744263        1.7278759594743862        14.717468235294129     
  0.75749999284744263        1.8849555921538759        14.718498039215680     
  0.75749999284744263        2.0420352248333655        14.754408627450966     
  0.75749999284744263        2.1991148575128552        14.828452549019618     
  0.75749999284744263        2.3561944901923448        14.940466666666678     
  0.75749999284744263        2.5132741228718345        15.084363921568615     
  0.75749999284744263        2.6703537555513241        15.246400000000010     
  0.75749999284744263        2.8274333882308138        15.405570980392161     
  0.75749999284744263        2.9845130209103035        15.536784313725477     
  0.75749999284744263        3.1415926535897931        15.616191372549030     
  0.75749999284744263        3.2986722862692828        15.627519215686286     
  0.75749999284744263        3.4557519189487724        15.567331764705864     
  0.75749999284744263        3.6128315516282621        15.446722352941160     
  0.75749999284744263        3.7699111843077517        15.288295686274500     
  0.75749999284744263        3.9269908169872414        15.119703529411749     
  0.75749999284744263        4.0840704496667311        14.966364705882340     
  0.75749999284744263        4.2411500823462207        14.846193725490201     
  0.75749999284744263        4.3982297150257104        14.767439215686265     
  0.75749999284744263        4.5553093477052000        14.729825882352936     
  0.75749999284744263        4.7123889803846897        14.727949803921556     
  0.75749999284744263        4.8694686130641793        14.755061176470578     
  0.75749999284744263        5.0265482457436690        14.805705098039217     
  0.75749999284744263        5.1836278784231586        14.876098823529405     
  0.75749999284744263        5.3407075111026483        14.963234509803913     
  0.75749999284744263        5.4977871437821380        15.063492549019598     
  0.75749999284744263        5.6548667764616276        15.171367058823540     
  0.75749999284744263        5.8119464091411173        15.278609411764686     
  0.75749999284744263        5.9690260418206069        15.374544313725499     
  0.75749999284744263        6.1261056745000966        15.447752156862743     
  0.75749999284744263        6.2831853071795862        15.488760784313710     
  0.98632651567459106       0.15707963267948966        6.8079909019607827     
  0.98632651567459106       0.31415926535897931        6.7894829803921519     
  0.98632651567459106       0.47123889803846897        6.7528688627450926     
  0.98632651567459106       0.62831853071795862        6.7027510588235328     
  0.98632651567459106       0.78539816339744828        6.6453287843137332     
  0.98632651567459106       0.94247779607693793        6.5870480000000073     
  0.98632651567459106        1.0995574287564276        6.5330434509803981     
  0.98632651567459106        1.2566370614359172        6.4863301176470598     
  0.98632651567459106        1.4137166941154069        6.4482773333333405     
  0.98632651567459106        1.5707963267948966        6.4199648627451014     
  0.98632651567459106        1.7278759594743862        6.4032871372549005     
  0.98632651567459106        1.8849555921538759        6.4010664313725414     
  0.98632651567459106        2.0420352248333655        6.4165083921568629     
  0.98632651567459106        2.1991148575128552        6.4524985098039265     
  0.98632651567459106        2.3561944901923448        6.5104560784313668     
  0.98632651567459106        2.5132741228718345        6.5884173333333278     
  0.98632651567459106        2.6703537555513241        6.6793367843137297     
  0.98632651567459106        2.8274333882308138        6.7710841568627487     
  0.98632651567459106        2.9845130209103035        6.8484438431372503     
  0.98632651567459106        3.1415926535897931        6.8964561568627367     
  0.98632651567459106        3.2986722862692828        6.9044478431372598     
  0.98632651567459106        3.4557519189487724        6.8697618039215662     
  0.98632651567459106        3.6128315516282621        6.7992752941176491     
  0.98632651567459106        3.7699111843077517        6.7074229019607783     
  0.98632651567459106        3.9269908169872414        6.6115879215686206     
  0.98632651567459106        4.0840704496667311        6.5271623529411835     
  0.98632651567459106        4.2411500823462207        6.4641098039215690     
  0.98632651567459106        4.3982297150257104        6.4258000784313767     
  0.98632651567459106        4.5553093477052000        6.4101011764705893     
  0.98632651567459106        4.7123889803846897        6.4121363137254859     
  0.98632651567459106        4.8694686130641793        6.4272907450980350     
  0.98632651567459106        5.0265482457436690        6.4528115294117576     
  0.98632651567459106        5.1836278784231586        6.4874934901960790     
  0.98632651567459106        5.3407075111026483        6.5305617254902018     
  0.98632651567459106        5.4977871437821380        6.5808477647058767     
  0.98632651567459106        5.6548667764616276        6.6361574117647057     
  0.98632651567459106        5.8119464091411173        6.6925203137254963     
  0.98632651567459106        5.9690260418206069        6.7439615686274559     
  0.98632651567459106        6.1261056745000966        6.7836650980392115     
  0.98632651567459106        6.2831853071795862        6.8060047058823461     
   1.2456632852554321       0.15707963267948966        2.7117306666666647     
   1.2456632852554321       0.31415926535897931        2.7033015686274484     
   1.2456632852554321       0.47123889803846897        2.6864576470588255     
   1.2456632852554321       0.62831853071795862        2.6632534117647069     
   1.2456632852554321       0.78539816339744828        2.6368078431372544     
   1.2456632852554321       0.94247779607693793        2.6105366274509820     
   1.2456632852554321        1.0995574287564276        2.5869775686274519     
   1.2456632852554321        1.2566370614359172        2.5671400784313714     
   1.2456632852554321        1.4137166941154069        2.5509160784313729     
   1.2456632852554321        1.5707963267948966        2.5382270588235309     
   1.2456632852554321        1.7278759594743862        2.5298662745098039     
   1.2456632852554321        1.8849555921538759        2.5273610980392149     
   1.2456632852554321        2.0420352248333655        2.5324560784313719     
   1.2456632852554321        2.1991148575128552        2.5469681568627451     
   1.2456632852554321        2.3561944901923448        2.5724450980392177     
   1.2456632852554321        2.5132741228718345        2.6088522352941155     
   1.2456632852554321        2.6703537555513241        2.6531195294117627     
   1.2456632852554321        2.8274333882308138        2.6990793725490234     
   1.2456632852554321        2.9845130209103035        2.7387533333333360     
   1.2456632852554321        3.1415926535897931        2.7640630588235306     
   1.2456632852554321        3.2986722862692828        2.7688868235294106     
   1.2456632852554321        3.4557519189487724        2.7514025882352957     
   1.2456632852554321        3.6128315516282621        2.7153451764705880     
   1.2456632852554321        3.7699111843077517        2.6688367843137271     
   1.2456632852554321        3.9269908169872414        2.6214464313725458     
   1.2456632852554321        4.0840704496667311        2.5812585882352939     
   1.2456632852554321        4.2411500823462207        2.5530562352941191     
   1.2456632852554321        4.3982297150257104        2.5377672156862761     
   1.2456632852554321        4.5553093477052000        2.5331789803921567     
   1.2456632852554321        4.7123889803846897        2.5357973333333335     
   1.2456632852554321        4.8694686130641793        2.5429631372549011     
   1.2456632852554321        5.0265482457436690        2.5537352941176468     
   1.2456632852554321        5.1836278784231586        2.5681596862745106     
   1.2456632852554321        5.3407075111026483        2.5862291764705905     
   1.2456632852554321        5.4977871437821380        2.6076664313725502     
   1.2456632852554321        5.6548667764616276        2.6319178039215703     
   1.2456632852554321        5.8119464091411173        2.6575221960784341     
   1.2456632852554321        5.9690260418206069        2.6815390588235277     
   1.2456632852554321        6.1261056745000966        2.7002549803921565     
   1.2456632852554321        6.2831853071795862        2.7107416470588253     
   1.5355101823806763       0.15707963267948966       0.98233770980392254     
   1.5355101823806763       0.31415926535897931       0.97910208627451079     
   1.5355101823806763       0.47123889803846897       0.97249288627450980     
   1.5355101823806763       0.62831853071795862       0.96319793725490299     
   1.5355101823806763       0.78539816339744828       0.95259666666666665     
   1.5355101823806763       0.94247779607693793       0.94233472156862652     
   1.5355101823806763        1.0995574287564276       0.93355814117646962     
   1.5355101823806763        1.2566370614359172       0.92647971764705950     
   1.5355101823806763        1.4137166941154069       0.92063318431372609     
   1.5355101823806763        1.5707963267948966       0.91567370980392238     
   1.5355101823806763        1.7278759594743862       0.91195662745098138     
   1.5355101823806763        1.8849555921538759       0.91027896470588310     
   1.5355101823806763        2.0420352248333655       0.91139043921568563     
   1.5355101823806763        2.1991148575128552       0.91613436862745179     
   1.5355101823806763        2.3561944901923448       0.92561162352941218     
   1.5355101823806763        2.5132741228718345       0.94035076862745226     
   1.5355101823806763        2.6703537555513241       0.95919169411764649     
   1.5355101823806763        2.8274333882308138       0.97930519215686218     
   1.5355101823806763        2.9845130209103035       0.99707756862744967     
   1.5355101823806763        3.1415926535897931        1.0087834823529422     
   1.5355101823806763        3.2986722862692828        1.0113194509803922     
   1.5355101823806763        3.4557519189487724        1.0035576862745093     
   1.5355101823806763        3.6128315516282621       0.98729963137254906     
   1.5355101823806763        3.7699111843077517       0.96662065882353021     
   1.5355101823806763        3.9269908169872414       0.94613979607843068     
   1.5355101823806763        4.0840704496667311       0.92953293333333242     
   1.5355101823806763        4.2411500823462207       0.91878320784313672     
   1.5355101823806763        4.3982297150257104       0.91396403137254989     
   1.5355101823806763        4.5553093477052000       0.91354069019607786     
   1.5355101823806763        4.7123889803846897       0.91540565490196002     
   1.5355101823806763        4.8694686130641793       0.91823037647058925     
   1.5355101823806763        5.0265482457436690       0.92194898823529492     
   1.5355101823806763        5.1836278784231586       0.92697636862745025     
   1.5355101823806763        5.3407075111026483       0.93339102745098035     
   1.5355101823806763        5.4977871437821380       0.94108763921568672     
   1.5355101823806763        5.6548667764616276       0.95011483921568729     
   1.5355101823806763        5.8119464091411173       0.96018642352941175     
   1.5355101823806763        5.9690260418206069       0.97001666666666564     
   1.5355101823806763        6.1261056745000966       0.97771439999999965     
   1.5355101823806763        6.2831853071795862       0.98193119215686397     
   1.8558673858642578       0.15707963267948966       0.32409999215686275     
   1.8558673858642578       0.31415926535897931       0.32307946666666637     
   1.8558673858642578       0.47123889803846897       0.32089250980392142     
   1.8558673858642578       0.62831853071795862       0.31767544313725521     
   1.8558673858642578       0.78539816339744828       0.31397232941176489     
   1.8558673858642578       0.94247779607693793       0.31049526274509831     
   1.8558673858642578        1.0995574287564276       0.30771387450980386     
   1.8558673858642578        1.2566370614359172       0.30562877647058806     
   1.8558673858642578        1.4137166941154069       0.30387199215686306     
   1.8558673858642578        1.5707963267948966       0.30216088627451015     
   1.8558673858642578        1.7278759594743862       0.30067480784313755     
   1.8558673858642578        1.8849555921538759       0.29982578039215685     
   1.8558673858642578        2.0420352248333655       0.29985789803921592     
   1.8558673858642578        2.1991148575128552       0.30103880784313702     
   1.8558673858642578        2.3561944901923448       0.30398435294117654     
   1.8558673858642578        2.5132741228718345       0.30918537254901962     
   1.8558673858642578        2.6703537555513241       0.31624513725490194     
   1.8558673858642578        2.8274333882308138       0.32396265098039173     
   1.8558673858642578        2.9845130209103035       0.33093411764705855     
   1.8558673858642578        3.1415926535897931       0.33571006274509790     
   1.8558673858642578        3.2986722862692828       0.33688505882352959     
   1.8558673858642578        3.4557519189487724       0.33382858039215640     
   1.8558673858642578        3.6128315516282621       0.32732633725490207     
   1.8558673858642578        3.7699111843077517       0.31921341960784272     
   1.8558673858642578        3.9269908169872414       0.31144614901960799     
   1.8558673858642578        4.0840704496667311       0.30546706666666673     
   1.8558673858642578        4.2411500823462207       0.30198663529411762     
   1.8558673858642578        4.3982297150257104       0.30091696470588242     
   1.8558673858642578        4.5553093477052000       0.30143329411764685     
   1.8558673858642578        4.7123889803846897       0.30243923921568644     
   1.8558673858642578        4.8694686130641793       0.30334169411764689     
   1.8558673858642578        5.0265482457436690       0.30432714509803954     
   1.8558673858642578        5.1836278784231586       0.30577162352941151     
   1.8558673858642578        5.3407075111026483       0.30768583529411725     
   1.8558673858642578        5.4977871437821380       0.30996516862745116     
   1.8558673858642578        5.6548667764616276       0.31277255686274547     
   1.8558673858642578        5.8119464091411173       0.31620710588235285     
   1.8558673858642578        5.9690260418206069       0.31976196862745104     
   1.8558673858642578        6.1261056745000966       0.32253336470588240     
   1.8558673858642578        6.2831853071795862       0.32396795294117614     
   2.2067346572875977       0.15707963267948966        9.7443126274509739E-002
   2.2067346572875977       0.31415926535897931        9.7194607058823476E-002
   2.2067346572875977       0.47123889803846897        9.6598809411764797E-002
   2.2067346572875977       0.62831853071795862        9.5641489411764660E-002
   2.2067346572875977       0.78539816339744828        9.4517534901960895E-002
   2.2067346572875977       0.94247779607693793        9.3498844705882475E-002
   2.2067346572875977        1.0995574287564276        9.2756437647058820E-002
   2.2067346572875977        1.2566370614359172        9.2271991372549073E-002
   2.2067346572875977        1.4137166941154069        9.1849170196078314E-002
   2.2067346572875977        1.5707963267948966        9.1322420392156836E-002
   2.2067346572875977        1.7278759594743862        9.0781029019607773E-002
   2.2067346572875977        1.8849555921538759        9.0431517647058715E-002
   2.2067346572875977        2.0420352248333655        9.0326875294117689E-002
   2.2067346572875977        2.1991148575128552        9.0500901960784363E-002
   2.2067346572875977        2.3561944901923448        9.1240229803921505E-002
   2.2067346572875977        2.5132741228718345        9.2847447843137212E-002
   2.2067346572875977        2.6703537555513241        9.5192056470588357E-002
   2.2067346572875977        2.8274333882308138        9.7794483137254959E-002
   2.2067346572875977        2.9845130209103035       0.10019324313725486     
   2.2067346572875977        3.1415926535897931       0.10192129490196083     
   2.2067346572875977        3.2986722862692828       0.10240421176470592     
   2.2067346572875977        3.4557519189487724       0.10132855607843132     
   2.2067346572875977        3.6128315516282621        9.9009916862745018E-002
   2.2067346572875977        3.7699111843077517        9.6189824313725358E-002
   2.2067346572875977        3.9269908169872414        9.3594830588235409E-002
   2.2067346572875977        4.0840704496667311        9.1713990588235345E-002
   2.2067346572875977        4.2411500823462207        9.0766642352941213E-002
   2.2067346572875977        4.3982297150257104        9.0690610196078325E-002
   2.2067346572875977        4.5553093477052000        9.1125126274509749E-002
   2.2067346572875977        4.7123889803846897        9.1573723137254842E-002
   2.2067346572875977        4.8694686130641793        9.1792061960784363E-002
   2.2067346572875977        5.0265482457436690        9.1948439215686323E-002
   2.2067346572875977        5.1836278784231586        9.2275090980392202E-002
   2.2067346572875977        5.3407075111026483        9.2746588235294192E-002
   2.2067346572875977        5.4977871437821380        9.3274163921568676E-002
   2.2067346572875977        5.6548667764616276        9.3976755294117600E-002
   2.2067346572875977        5.8119464091411173        9.4990643137254971E-002
   2.2067346572875977        5.9690260418206069        9.6134439215686332E-002
   2.2067346572875977        6.1261056745000966        9.7009568627450915E-002
   2.2067346572875977        6.2831853071795862        9.7412823529411732E-002
   2.5881123542785645       0.15707963267948966        2.6703672156862767E-002
   2.5881123542785645       0.31415926535897931        2.6666446274509772E-002
   2.5881123542785645       0.47123889803846897        2.6540840784313749E-002
   2.5881123542785645       0.62831853071795862        2.6299050980392140E-002
   2.5881123542785645       0.78539816339744828        2.6005454901960809E-002
   2.5881123542785645       0.94247779607693793        2.5750257254901932E-002
   2.5881123542785645        1.0995574287564276        2.5587609411764717E-002
   2.5881123542785645        1.2566370614359172        2.5511536470588264E-002
   2.5881123542785645        1.4137166941154069        2.5440439215686259E-002
   2.5881123542785645        1.5707963267948966        2.5294563921568661E-002
   2.5881123542785645        1.7278759594743862        2.5113196078431394E-002
   2.5881123542785645        1.8849555921538759        2.4991689411764693E-002
   2.5881123542785645        2.0420352248333655        2.4932654117647075E-002
   2.5881123542785645        2.1991148575128552        2.4913913725490178E-002
   2.5881123542785645        2.3561944901923448        2.5049072941176503E-002
   2.5881123542785645        2.5132741228718345        2.5485322352941167E-002
   2.5881123542785645        2.6703537555513241        2.6179420392156847E-002
   2.5881123542785645        2.8274333882308138        2.6951630588235284E-002
   2.5881123542785645        2.9845130209103035        2.7676286274509770E-002
   2.5881123542785645        3.1415926535897931        2.8233440784313727E-002
   2.5881123542785645        3.2986722862692828        2.8409863529411775E-002
   2.5881123542785645        3.4557519189487724        2.8069161568627463E-002
   2.5881123542785645        3.6128315516282621        2.7329405490196045E-002
   2.5881123542785645        3.7699111843077517        2.6458079215686256E-002
   2.5881123542785645        3.9269908169872414        2.5691517647058845E-002
   2.5881123542785645        4.0840704496667311        2.5174199215686296E-002
   2.5881123542785645        4.2411500823462207        2.4963690980392136E-002
   2.5881123542785645        4.3982297150257104        2.5033819607843136E-002
   2.5881123542785645        4.5553093477052000        2.5253412549019624E-002
   2.5881123542785645        4.7123889803846897        2.5425726274509782E-002
   2.5881123542785645        4.8694686130641793        2.5456365490196101E-002
   2.5881123542785645        5.0265482457436690        2.5439144313725518E-002
   2.5881123542785645        5.1836278784231586        2.5488034509803900E-002
   2.5881123542785645        5.3407075111026483        2.5578749019607865E-002
   2.5881123542785645        5.4977871437821380        2.5657340392156846E-002
   2.5881123542785645        5.6548667764616276        2.5784087843137262E-002
   2.5881123542785645        5.8119464091411173        2.6041294117647041E-002
   2.5881123542785645        5.9690260418206069        2.6370066666666695E-002
   2.5881123542785645        6.1261056745000966        2.6612549803921567E-002
   2.5881123542785645        6.2831853071795862        2.6701225098039225E-002
   3.0000000000000000       0.15707963267948966        6.6697850980392132E-003
   3.0000000000000000       0.31415926535897931        6.6724258823529373E-003
   3.0000000000000000       0.47123889803846897        6.6562742745098092E-003
   3.0000000000000000       0.62831853071795862        6.6060891764705898E-003
   3.0000000000000000       0.78539816339744828        6.5415408627451021E-003
   3.0000000000000000       0.94247779607693793        6.4883785098039139E-003
   3.0000000000000000        1.0995574287564276        6.4612334901960706E-003
   3.0000000000000000        1.2566370614359172        6.4603902745098080E-003
   3.0000000000000000        1.4137166941154069        6.4580523137254863E-003
   3.0000000000000000        1.5707963267948966        6.4215340392156815E-003
   3.0000000000000000        1.7278759594743862        6.3654902745097991E-003
   3.0000000000000000        1.8849555921538759        6.3289536470588319E-003
   3.0000000000000000        2.0420352248333655        6.3080241568627370E-003
   3.0000000000000000        2.1991148575128552        6.2830549803921535E-003
   3.0000000000000000        2.3561944901923448        6.2928432156862711E-003
   3.0000000000000000        2.5132741228718345        6.3968890980392228E-003
   3.0000000000000000        2.6703537555513241        6.5808508235294053E-003
   3.0000000000000000        2.8274333882308138        6.7824293333333388E-003
   3.0000000000000000        2.9845130209103035        6.9745897254901903E-003
   3.0000000000000000        3.1415926535897931        7.1352187450980402E-003
   3.0000000000000000        3.2986722862692828        7.1924462745098089E-003
   3.0000000000000000        3.4557519189487724        7.0947698823529441E-003
   3.0000000000000000        3.6128315516282621        6.8832848627451036E-003
   3.0000000000000000        3.7699111843077517        6.6434996078431454E-003
   3.0000000000000000        3.9269908169872414        6.4426266666666628E-003
   3.0000000000000000        4.0840704496667311        6.3185516078431330E-003
   3.0000000000000000        4.2411500823462207        6.2836320784313768E-003
   3.0000000000000000        4.3982297150257104        6.3293105098039251E-003
   3.0000000000000000        4.5553093477052000        6.4155836078431394E-003
   3.0000000000000000        4.7123889803846897        6.4739367843137281E-003
   3.0000000000000000        4.8694686130641793        6.4702223529411731E-003
   3.0000000000000000        5.0265482457436690        6.4446638431372516E-003
   3.0000000000000000        5.1836278784231586        6.4439868235294066E-003
   3.0000000000000000        5.3407075111026483        6.4548884705882296E-003
   3.0000000000000000        5.4977871437821380        6.4523680000000000E-003
   3.0000000000000000        5.6548667764616276        6.4607471372549082E-003
   3.0000000000000000        5.8119464091411173        6.5157345882353029E-003
   3.0000000000000000        5.9690260418206069        6.6001254901960731E-003
   3.0000000000000000        6.1261056745000966        6.6589650196078433E-003
   3.0000000000000000        6.2831853071795862        6.6716734117647017E-003
   3.4423980712890625       0.15707963267948966        1.5178687843137261E-003
   3.4423980712890625       0.31415926535897931        1.5222123137254909E-003
   3.4423980712890625       0.47123889803846897        1.5234378823529421E-003
   3.4423980712890625       0.62831853071795862        1.5156480784313724E-003
   3.4423980712890625       0.78539816339744828        1.5043294117647067E-003
   3.4423980712890625       0.94247779607693793        1.4957820392156871E-003
   3.4423980712890625        1.0995574287564276        1.4933227450980382E-003
   3.4423980712890625        1.2566370614359172        1.4980578039215677E-003
   3.4423980712890625        1.4137166941154069        1.5020444705882334E-003
   3.4423980712890625        1.5707963267948966        1.4937540392156844E-003
   3.4423980712890625        1.7278759594743862        1.4778226666666680E-003
   3.4423980712890625        1.8849555921538759        1.4681639215686282E-003
   3.4423980712890625        2.0420352248333655        1.4625316078431391E-003
   3.4423980712890625        2.1991148575128552        1.4515371764705898E-003
   3.4423980712890625        2.3561944901923448        1.4466675294117631E-003
   3.4423980712890625        2.5132741228718345        1.4683902745098022E-003
   3.4423980712890625        2.6703537555513241        1.5121661176470591E-003
   3.4423980712890625        2.8274333882308138        1.5583625098039202E-003
   3.4423980712890625        2.9845130209103035        1.6029948235294128E-003
   3.4423980712890625        3.1415926535897931        1.6444857254901940E-003
   3.4423980712890625        3.2986722862692828        1.6609381176470612E-003
   3.4423980712890625        3.4557519189487724        1.6354948235294134E-003
   3.4423980712890625        3.6128315516282621        1.5813342745098057E-003
   3.4423980712890625        3.7699111843077517        1.5224947450980400E-003
   3.4423980712890625        3.9269908169872414        1.4756651764705891E-003
   3.4423980712890625        4.0840704496667311        1.4499414901960781E-003
   3.4423980712890625        4.2411500823462207        1.4472242352941162E-003
   3.4423980712890625        4.3982297150257104        1.4651316078431367E-003
   3.4423980712890625        4.5553093477052000        1.4934552941176466E-003
   3.4423980712890625        4.7123889803846897        1.5111138823529421E-003
   3.4423980712890625        4.8694686130641793        1.5066989803921588E-003
   3.4423980712890625        5.0265482457436690        1.4944116862745103E-003
   3.4423980712890625        5.1836278784231586        1.4906462745098029E-003
   3.4423980712890625        5.3407075111026483        1.4899814901960778E-003
   3.4423980712890625        5.4977871437821380        1.4831225882352944E-003
   3.4423980712890625        5.6548667764616276        1.4782651764705867E-003
   3.4423980712890625        5.8119464091411173        1.4876863529411765E-003
   3.4423980712890625        5.9690260418206069        1.5069222745098044E-003
   3.4423980712890625        6.1261056745000966        1.5193584313725472E-003
   3.4423980712890625        6.2831853071795862        1.5191606274509786E-003
