0.13957018 0 0.0 pi0139plu
0.13957018 0 0.0 pi0139min
0.1349766 0 0.0 pi0135zer
0.547862 0 0.0 eta547zer
0.55 0 0.0 f00600zer
0.77526 0 1.0 rho770plu
0.77526 0 1.0 rho770min
0.77526 0 1.0 rho770zer
0.78265 0 1.0 om0782zer
0.95778 0 0.0 eta0prime
0.98 0 0.0 f00980zer
0.98 0 0.0 a00980plu
0.98 0 0.0 a00980min
0.98 0 0.0 a00980zer
1.019417 0 1.0 ph1020zer
1.17 0 1.0 h11170zer
1.2295 0 1.0 b11235plu
1.2295 0 1.0 b11235zer
1.2295 0 1.0 b11235min
1.23 0 1.0 a11260plu
1.23 0 1.0 a11260min
1.23 0 1.0 a11260zer
1.2754 0 2.0 f21270zer
1.2819 0 1.0 f11285zer
1.294 0 0.0 et1295zer
1.3 0 0.0 pi1300plu
1.3 0 0.0 pi1300min
1.3 0 0.0 pi1300zer
1.3183 0 2.0 a21320plu
1.3183 0 2.0 a21320min
1.3183 0 2.0 a21320zer
1.35 0 0.0 f01370zer
1.465 0 1.0 rh1450plu
1.465 0 1.0 rh1450min
1.465 0 1.0 rh1450zer
1.476 0 0.0 et1476zer
1.507 0 0.0 f01500zer
1.525 0 2.0 f21525zer
1.617 0 2.0 et1645zer
1.65 0 1.0 om1650zer
1.667 0 3.0 om1670zer
1.672 0 2.0 pi1670plu
1.672 0 2.0 pi1670min
1.672 0 2.0 pi1670zer
1.68 0 1.0 ph1680zer
1.688 0 3.0 rh1690plu
1.688 0 3.0 rh1690min
1.688 0 0.0 rh1690zer
1.72 0 1.0 rh1700plu
1.72 0 1.0 rh1700min
1.72 0 1.0 rh1700zer
1.722 0 0.0 f01710zer
1.812 0 0.0 pi1800plu
1.812 0 0.0 pi1800min
1.812 0 0.0 pi1800zer
1.854 0 3.0 ph1850zer
1.895 0 2.0 pi1880plu
1.895 0 2.0 pi1880min
1.895 0 2.0 pi1880zer
1.944 0 2.0 f21950zer
2.014 0 4.0 a42040plu
2.014 0 4.0 a42040min
2.014 0 4.0 a42040zer
2.018 0 4.0 f42050zer
2.175 0 3.0 ph2170zer
2.297 0. 2.0 f22300zer
2.011 0 2.0 f22010zer
2.339 0 2.0 f23400zer
1.408 0 0.0 et1405zer
1.474 0 0.0 a01450plu
1.474 0 0.0 a01450min
1.474 0 0.0 a01450zer
1.4263 0 1.0 f11420zer
1.419 0 1.0 om1420zer
0.497614 0 0.0 Ka0492plu
0.497614 0 0.0 Ka0492min
0.497614 0 0.0 Ka0492zer
0.497614 0 0.0 Ka0492zrb
0.89581 0 1.0 Ka0892zer
0.89581 0 1.0 Ka0892zrb
0.89166 0 1.0 Ka0892plu
0.89166 0 1.0 Ka0892min
1.273 0 1.0 Ka1270zer
1.273 0 1.0 Ka1270zrb
1.273 0 1.0 Ka1270plu
1.273 0 1.0 Ka1270min
1.414 0 1.0 Ka1410zer
1.414 0 1.0 Ka1410zrb
1.414 0 1.0 Ka1410plu
1.414 0 1.0 Ka1410min
1.403 0 1.0 Ka1400zer
1.403 0 1.0 Ka1400zrb
1.403 0 1.0 Ka1400plu
1.403 0 1.0 Ka1400min
1.4256 0 2.0 Ka1430zer
1.4256 0 2.0 Ka1430zrb
1.4256 0 2.0 Ka1430plu
1.4256 0 2.0 Ka1430min
1.717 0 1.0 Ka1680zer
1.717 0 1.0 Ka1680zrb
1.717 0 1.0 Ka1680plu
1.717 0 1.0 Ka1680min
1.773 0 2.0 Ka1770zer
1.773 0 2.0 Ka1770zrb
1.773 0 2.0 Ka1770plu
1.773 0 2.0 Ka1770min
1.776 0 3.0 Ka1780zer
1.776 0 3.0 Ka1780zrb
1.776 0 3.0 Ka1780plu
1.776 0 3.0 Ka1780min
1.816 0 2.0 Ka1820plu
1.816 0 2.0 Ka1820min
1.816 0 2.0 Ka1820zer
1.816 0 2.0 Ka1820zrb
2.045 0 2.0 Ka2045plu
2.045 0 2.0 Ka2045min
2.045 0 2.0 Ka2045zer
2.045 0 2.0 Ka2045zrb
0.9395653 1 0.5 ne0939zer
0.9395653 -1 0.5 ne0939zrb
0.938272 1 0.5 pr0938plu
0.938272 -1 0.5 pr0938plb
1.44 1 0.5 Ns1440plu
1.44 1 0.5 Ns1440zer
1.44 -1 0.5 Ns1440plb
1.44 -1 0.5 Ns1440zrb
1.52 1 1.5 Ns1520plu
1.52 1 1.5 Ns1520zer
1.52 -1 1.5 Ns1520plb
1.52 -1 1.5 Ns1520zrb
1.535 1 0.5 Ns1535plu
1.535 1 0.5 Ns1535zer
1.535 -1 0.5 Ns1535plb
1.535 -1 0.5 Ns1535zrb
1.65 1 0.5 Ns1650plu
1.65 1 0.5 Ns1650zer
1.65 -1 0.5 Ns1650plb
1.65 -1 0.5 Ns1650zrb
1.675 1 2.5 Ns1675plu
1.675 1 2.5 Ns1675zer
1.675 -1 2.5 Ns1675plb
1.675 -1 2.5 Ns1675zrb
1.68 1 2.5 Ns1680plu
1.68 1 2.5 Ns1680zer
1.68 -1 2.5 Ns1680plb
1.68 -1 2.5 Ns1680zrb
1.72 1 1.5 Ns1720plu
1.72 1 1.5 Ns1720zer
1.72 -1 1.5 Ns1720plb
1.72 -1 1.5 Ns1720zrb
2.19 1 3.5 Ns2190plu
2.19 1 3.5 Ns2190zer
2.19 -1 3.5 Ns2190plb
2.19 -1 3.5 Ns2190zrb
2.22 1 2.5 Ns2220plu
2.22 1 2.5 Ns2220zer
2.22 -1 2.5 Ns2220plb
2.22 -1 2.5 Ns2220zrb
2.25 1 4.5 Ns2250plu
2.25 1 4.5 Ns2250zer
2.25 -1 4.5 Ns2250plb
2.25 -1 4.5 Ns2250zrb
1.232 1 1.5 Dl1232plp
1.232 1 1.5 Dl1232plu
1.232 1 1.5 Dl1232zer
1.232 1 1.5 Dl1232min
1.232 -1 1.5 Dl1232ppb
1.232 -1 1.5 Dl1232plb
1.232 -1 1.5 Dl1232zrb
1.232 -1 1.5 Dl1232mnb
1.62 1 0.5 Dl1620plp
1.62 1 0.5 Dl1620plu
1.62 1 0.5 Dl1620zer
1.62 1 0.5 Dl1620min
1.62 -1 0.5 Dl1620ppb
1.62 -1 0.5 Dl1620plb
1.62 -1 0.5 Dl1620zrb
1.62 -1 0.5 Dl1620mnb
1.7 1 1.5 Dl1700plp
1.7 1 1.5 Dl1700plu
1.7 1 1.5 Dl1700zer
1.7 1 1.5 Dl1700min
1.7 -1 1.5 Dl1700ppb
1.7 -1 1.5 Dl1700plb
1.7 -1 1.5 Dl1700zrb
1.7 -1 1.5 Dl1700mnb
1.905 1 2.5 Dl1905plp
1.905 1 2.5 Dl1905plu
1.905 1 2.5 Dl1905zer
1.905 1 2.5 Dl1905min
1.905 -1 2.5 Dl1905ppb
1.905 -1 2.5 Dl1905plb
1.905 -1 2.5 Dl1905zrb
1.905 -1 2.5 Dl1905mnb
1.91 1 0.5 Dl1910plp
1.91 1 0.5 Dl1910plu
1.91 1 0.5 Dl1910zer
1.91 1 0.5 Dl1910min
1.91 -1 0.5 Dl1910ppb
1.91 -1 0.5 Dl1910plb
1.91 -1 0.5 Dl1910zrb
1.91 -1 0.5 Dl1910mnb
1.92 1 1.5 Dl1920plp
1.92 1 1.5 Dl1920plu
1.92 1 1.5 Dl1920zer
1.92 1 1.5 Dl1920min
1.92 -1 1.5 Dl1920ppb
1.92 -1 1.5 Dl1920plb
1.92 -1 1.5 Dl1920zrb
1.92 -1 1.5 Dl1920mnb
1.93 1 2.5 Dl1930plp
1.93 1 2.5 Dl1930plu
1.93 1 2.5 Dl1930zer
1.93 1 2.5 Dl1930min
1.93 -1 2.5 Dl1930ppb
1.93 -1 2.5 Dl1930plb
1.93 -1 2.5 Dl1930zrb
1.93 -1 2.5 Dl1930mnb
1.95 1 3.5 Dl1950plp
1.95 1 3.5 Dl1950plu
1.95 1 3.5 Dl1950zer
1.95 1 3.5 Dl1950min
1.95 -1 3.5 Dl1950ppb
1.95 -1 3.5 Dl1950plb
1.95 -1 3.5 Dl1950zrb
1.95 -1 3.5 Dl1950mnb
2.42 1 5.5 Dl2420plp
2.42 1 5.5 Dl2420plu
2.42 1 5.5 Dl2420zer
2.42 1 5.5 Dl2420min
2.42 -1 5.5 Dl2420ppb
2.42 -1 5.5 Dl2420plb
2.42 -1 5.5 Dl2420zrb
2.42 -1 5.5 Dl2420mnb
1.115683 1 0.5 Lm1115zer
1.115683 -1 0.5 Lm1115zrb
1.406 1 0.5 Lm1405zer
1.406 -1 0.5 Lm1405zrb
1.5195 1 1.5 Lm1520zer
1.5195 -1 1.5 Lm1520zrb
1.67 1 0.5 Lm1670zer
1.67 -1 0.5 Lm1670zrb
1.69 1 1.5 Lm1690zer
1.69 -1 1.5 Lm1690zrb
1.82 1 0.5 Lm1820zer
1.82 -1 0.5 Lm1820zrb
1.89 1 1.5 Lm1890zer
1.89 -1 1.5 Lm1890zrb
1.83 1 0.5 Lm1830zer
1.83 -1 0.5 Lm1830zrb
1.9 1 0.5 Lm1890zer
1.9 -1 0.5 Lm1890zrb
2.11 1 1.5 Lm2110zer
2.11 -1 1.5 Lm2110zrb
2.1 1 1.5 Lm2100zer
2.1 -1 1.5 Lm2100zrb
2.35 1 1.5 Lm2350zer
2.35 -1 1.5 Lm2350zrb
1.197 1 0.5 Sg1189min
1.197 -1 0.5 Sg1189mnb
1.193 1 0.5 Sg1189zer
1.193 -1 0.5 Sg11892zrb
1.189 1 0.5 Sg1189plu
1.189 -1 0.5 Sg1189plb
1.3872 1 1.5 Sg1385min
1.3872 -1 1.5 Sg1385mnb
1.3837 1 1.5 Sg1385zer
1.3837 -1 1.5 Sg1385zrb
1.3828 1 1.5 Sg1385plu
1.3828 -1 1.5 Sg1385plb
1.66 1 0.5 Sg1660plu
1.66 1 0.5 Sg1660min
1.66 1 0.5 Sg1660zer
1.66 -1 0.5 Sg1660plb
1.66 -1 0.5 Sg1660mnb
1.66 -1 0.5 Sg1660zrb
1.67 1 1.5 Sg1670plu
1.67 1 1.5 Sg1670min
1.67 1 1.5 Sg1670zer
1.67 -1 1.5 Sg1670plb
1.67 -1 1.5 Sg1670mnb
1.67 -1 1.5 Sg1670zrb
1.775 1 2.5 Sg1775plu
1.775 1 2.5 Sg1775min
1.775 1 2.5 Sg1775zer
1.775 -1 2.5 Sg1775plb
1.775 -1 2.5 Sg1775mnb
1.775 -1 2.5 Sg1775zrb
1.77 1 0.5 Sg1770plu
1.77 1 0.5 Sg1770zer
1.77 1 0.5 Sg1770min
1.77 -1 0.5 Sg1770plb
1.77 -1 0.5 Sg1770zrb
1.77 -1 0.5 Sg1770mnb
1.915 1 2.5 Sg1915plu
1.915 1 2.5 Sg1915min
1.915 1 2.5 Sg1915zer
1.915 -1 2.5 Sg1915plb
1.915 -1 2.5 Sg1915mnb
1.915 -1 2.5 Sg1915zrb
1.94 1 1.5 Sg1940plu
1.94 1 1.5 Sg1940min
1.94 1 1.5 Sg1940zer
1.94 -1 1.5 Sg1940plb
1.94 -1 1.5 Sg1940mnb
1.94 -1 1.5 Sg1940zrb
2.03 1 1.5 Sg2030plu
2.03 1 1.5 Sg2030min
2.03 1 1.5 Sg2030zer
2.03 -1 1.5 Sg2030plb
2.03 -1 1.5 Sg2030mnb
2.03 -1 1.5 Sg2030zrb
2.25 1 1.5 Sg2250plu
2.25 1 1.5 Sg2250min
2.25 1 1.5 Sg2250zer
2.25 -1 1.5 Sg2250plb
2.25 -1 1.5 Sg2250mnb
2.25 -1 1.5 Sg2250zrb
1.32131 1 0.5 Xi1321min
1.32131 -1 0.5 Xi1321mnb
1.31483 1 0.5 Xi1321zer
1.31483 -1 0.5 Xi1321zrb
1.535 1 1.5 Xi1530min
1.535 -1 1.5 Xi1530mnb
1.5318 1 1.5 Xi1530zer
1.5318 -1 1.5 Xi1530zrb
1.69 1 1.5 Xi1690min
1.69 -1 1.5 Xi1690mnb
1.69 1 1.5 Xi1690zer
1.69 -1 1.5 Xi1690zrb
1.823 1 1.5 Xi1820min
1.823 -1 1.5 Xi1820mnb
1.823 1 1.5 Xi1820zer
1.823 -1 1.5 Xi1820zrb
1.95 1 1.5 Xi1950min
1.95 -1 1.5 Xi1950mnb
1.95 1 1.5 Xi1950zer
1.95 -1 1.5 Xi1950zrb
2.025 1 2.5 Xi2030min
2.025 -1 2.5 Xi2030mnb
2.025 1 2.5 Xi2030zer
2.025 -1 2.5 Xi2030zrb
1.67245 1 1.5 UM1672min
1.67245 -1 1.5 UM1672mnb
2.252 1 1.5 UM2250min
2.252 -1 1.5 UM2250mnb
1.1376 0 1.0 pi1400plu
1.1376 0 1.0 pi1400min
1.1376 0 1.0 pi1400zer
1.1662 0 1.0 pi1600plu
1.1662 0 1.0 pi1600min
1.1662 0 1.0 pi1600zer
1.7 1 1.5 Ns1700plu
1.7 1 1.5 Ns1700zer
1.7 -1 1.5 Ns1700plb
1.7 -1 1.5 Ns1700zrb
1.71 1 0.5 Ns1710plu
1.71 1 0.5 Ns1710zer
1.71 -1 0.5 Ns1710plb
1.71 -1 0.5 Ns1710zrb
2.6 1 5.5 Ns2600plu
2.6 1 5.5 Ns2600zer
2.6 -1 5.5 Ns2600plb
2.6 -1 5.5 Ns2600zrb
1.6 1 1.5 Dl1600plp
1.6 1 1.5 Dl1600plu
1.6 1 1.5 Dl1600zer
1.6 1 1.5 Dl1600min
1.6 -1 1.5 Dl1600ppb
1.6 -1 1.5 Dl1600plb
1.6 -1 1.5 Dl1600zrb
1.6 -1 1.5 Dl1600mnb
1.9 1 1.5 Ns1900plu
1.9 1 1.5 Ns1900zer
1.9 -1 1.5 Ns1900plb
1.9 -1 1.5 Ns1900zrb
1.9 1 1.5 Ns1900plu
1.9 1 1.5 Ns1900zer
1.9 -1 1.5 Ns1900plb
1.9 -1 1.5 Ns1900zrb
1.6 1 0.5 Lm1600zer
1.6 -1 0.5 Lm1600zrb
1.8 1 0.5 Lm1800zer
1.8 -1 0.5 Lm1800zrb
1.81 1 0.5 Lm1810zer
1.81 -1 0.5 Lm1810zrb
