   2.21322346      -4.09999990       2.30787826       1.36193073       2.36495018       2.33812380     -0.356686175               1  0.139570177     pi0139plu      
   2.09999990      -3.29999995     -0.625000000       7.67371178     -0.421888828       3.29406722E-03 -0.825932860               2  0.139570177     pi0139plu      
  0.883035004      -2.08138132       3.73804808       3.17439365       4.33174419       5.24136797E-02 -0.270194054               3  0.139570177     pi0139plu      
   1.29999995       2.50000000       2.57969809       7.53524637       2.42995262      0.417134404     -0.132214636               4  0.139570177     pi0139plu      
   4.79681873      -1.39236188      0.625000000       1.90780258      0.542169571       2.94567347     -0.202379495               5  0.139570177     pi0139plu      
   2.71163869       3.31348372      -2.64822674       6.58522844      -2.25762177      0.262123853      0.356956542               6  0.139570177     pi0139plu      
  -1.80930007      -5.40491295     -0.625000000       2.39107323     -0.872568607     -0.140345737     -0.871317387               7  0.139570177     pi0139plu      
   2.36368608      -3.53684688       1.87500000       1.44766760       1.87344646      0.906947494      -1.29757714               8  0.139570177     pi0139plu      
  -4.88885069      -1.29999995     -0.375000000       6.65000010     -0.710775852     -0.973337531     -0.562377214               9  0.139570177     pi0139plu      
   1.10000002      -1.70000005       3.08975720       6.59454679       3.54196548      0.537075102     -0.479427546              10  0.139570177     pi0139plu      
  0.897652149      -3.88989401       3.45078444       2.63410640       3.66266441      0.323737860     -0.601468682              11  0.139570177     pi0139plu      
  -1.89999998       4.44375134      -3.51856756       3.02695394      -4.54139519       2.75058961     -0.163902298              12  0.139570177     pi0139plu      
   3.39540768      -3.19337893     -0.875000000       2.41386175     -0.709625244       1.88915384      -1.16419411              13  0.139570177     pi0139plu      
  -1.38835406       6.00691891     -0.625000000       2.00290608     -0.809058666      0.837100804      0.550695717              14  0.139570177     pi0139plu      
  -3.19276667      -3.01742029      -1.12500000       1.14999998      -1.38477039     -0.463437378      0.553453088              15  0.139570177     pi0139plu      
  -2.09999990      -5.04288483     -0.125000000       1.81691492     -0.331735611      0.168194622      -1.16396987              16  0.139570177     pi0139plu      
  -2.89266753      -4.29609585      -2.36720157       1.63381517      -2.17013550     -0.930500031     -0.225931928              17  0.139570177     pi0139plu      
  -3.70000005       1.10000002       2.80751133       6.02974224       2.84968281     -0.694355309     -0.365053982              18  0.139570177     pi0139plu      
 -0.300000012     -0.699999988       2.29806399       7.94788599       1.22164774      -3.46039794E-02 -0.495735884              19  0.139570177     pi0139plu      
  -3.30090570       3.89732909      -1.37500000       7.45063639      0.161985874     -0.144932389      0.133734897              20  0.139570177     pi0139plu      
   1.29999995      -1.10000002       3.78102231       4.07413006       4.26382732       1.56202936      -1.53154516              21  0.139570177     pi0139plu      
  0.100000001      0.699999988       3.36067843       6.15000010       3.80200100     -0.224052534     -0.345179230              22  0.139570177     pi0139plu      
  -3.24923134      -3.70000005       1.37500000       1.59169352      0.978316784     -0.283248544     -0.337902099              23  0.139570177     pi0139plu      
 -0.500000000      -4.25991011     -0.625000000       5.57399178     -0.448456287      0.578716159     -0.612178504              24  0.139570177     pi0139plu      
   4.43493128     -0.228709117       3.77290606      0.458863020       4.00113678      0.276952177     -0.682948411              25  0.139570177     pi0139plu      
  -2.50000000       5.69999981      0.125000000       2.74531746     -0.287136078     -0.333014816      -4.62676883E-02          26  0.139570177     pi0139plu      
 -0.461945355       5.17537975       2.18950891       5.15000010       2.85271072     -0.554040432      0.652553618              27  0.139570177     pi0139plu      
   1.32359862       4.36951494       3.23237109       2.20376348       3.40284729       2.63155794       1.19679201              28  0.139570177     pi0139plu      
  -1.29999995     -0.100000001      -2.95876908       6.80961132      -4.07324886     -0.474050045      0.228070572              29  0.139570177     pi0139plu      
 -0.518671632       8.30624327E-02   2.39970779       8.02144146       1.96539354      -1.00902140      0.112438031              30  0.139570177     pi0139plu      
  -4.48561335       2.08389997      -2.55196023       4.60557985      -2.75677681     -0.371923119     -0.379319668              31  0.139570177     pi0139plu      
   3.65957212       4.31095552      -1.12500000       5.62560129      -1.02797461      0.406221449       1.10423625              32  0.139570177     pi0139plu      
   1.50000000     -0.300000012      -2.59032345       7.52510262      -2.75733829      0.451074511     -0.293375671              33  0.139570177     pi0139plu      
  -2.70000005       6.29960346       1.87500000       1.14999998       2.77384806       1.02503113E-02  0.352222681              34  0.139570177     pi0139plu      
   2.19731712      -3.39833546       2.99935913       4.89788818       3.05776215       1.22399569     -0.558488429              35  0.139570177     pi0139plu      
   3.92785573       3.50000000      0.625000000       4.65000010      0.825696468      0.557984948      0.307296783              36  0.139570177     pi0139plu      
 -0.500000000      -5.38467979       1.37500000       1.45244181       1.53397846     -0.275365233     -0.869820654              37  0.139570177     pi0139plu      
  -3.49324083      -1.49241745      -2.61069298       1.67940962      -3.34167123     -0.262667567     -0.165055752              38  0.139570177     pi0139plu      
   4.49737978       1.89667392      -2.12028861       3.64014077      -2.04865694      0.861536682     -0.110380225              39  0.139570177     pi0139plu      
  -3.17391419      -3.78818417      0.375000000       5.23872137     -0.246522427       4.92342636E-02 -0.592171729              40  0.139570177     pi0139plu      
   1.50000000      -2.50000000       1.87500000       7.70379400       2.19828033      0.907034993     -0.232724205              41  0.139570177     pi0139plu      
  0.100000001      -2.09999990       3.86434650       2.15000010       4.19850826      0.471263766      0.201566577              42  0.139570177     pi0139plu      
   3.82637024      -3.29999995     -0.625000000       3.80723166     -0.633816242       2.81729078     -0.445775419              43  0.139570177     pi0139plu      
   4.21260262       2.69971371      0.868353486       6.17682409       1.10081625      0.181601644      0.178189948              44  0.139570177     pi0139plu      
  -2.48251271       3.28460741     -0.375000000       7.88897276     -0.949285030      0.117718503      0.586256266              45  0.139570177     pi0139plu      
  -5.00701666      0.375385612      -2.25875688       4.42866850      -2.12880659      -1.16325021     -0.259462178              46  0.139570177     pi0139plu      
   4.89646912      -1.31542456      -1.12500000       2.03712654      -1.25986385       2.30664659     -0.221027508              47  0.139570177     pi0139plu      
  -5.22479820       1.11741769       2.35669208       2.11341476       2.65444040     -0.818395495     -0.341215789              48  0.139570177     pi0139plu      
  -5.27347183       3.27638435      -2.09875560       3.59793425      -1.73913050      -9.80585515E-02  0.311220229              49  0.139570177     pi0139plu      
  -1.50340855      -1.90340984       2.98404765       6.37067032       4.02544594     -0.288840681       6.60568699E-02          50  0.139570177     pi0139plu      
  0.699999988       3.50000000       3.88683605       1.14999998       4.27973366       1.00681221      -1.07630527              51  0.139570177     pi0139plu      
  -4.69178724       1.89999998     -0.125000000       6.61621714      0.475640774     -0.578346789       6.39885068E-02          52  0.139570177     pi0139plu      
  -2.20769620      -2.60500813      -3.50216722       3.41752243      -4.09988976     -0.368670106     -0.255990744              53  0.139570177     pi0139plu      
  -3.69393015      0.121344693      -3.26842046       3.98635888      -3.83505940      -4.17715237E-02 -0.572427094              54  0.139570177     pi0139plu      
  0.899999976       3.90401506       1.87723541       7.27367115       1.90682220      0.565399706      0.869648874              55  0.139570177     pi0139plu      
   3.10135078      -1.10534751      -3.98687363      0.843841672      -4.49819469      0.353219628     -0.924615204              56  0.139570177     pi0139plu      
 -0.500000000      -1.10000002       3.97413254       2.15000010       4.42668533     -0.174010828     -0.514032543              57  0.139570177     pi0139plu      
   4.70543671     -0.314466298      -3.14212799       2.10860300      -3.17961645       2.63372588     -0.194568336              58  0.139570177     pi0139plu      
   1.25275815       5.62574148     -0.625000000      0.555386841     -0.825000286      0.421995431      0.524009705              59  0.139570177     pi0139plu      
   3.88188577     -0.882016242       3.32034779       3.17023635       3.69411087       2.52320647      -7.58647099E-02          60  0.139570177     pi0139plu      
  0.501243412      -4.29549503       1.37417030       5.64888477       1.78617668     -0.604604661     -0.252088547              61  0.139570177     pi0139plu      
   3.80904508      -2.62366486      -1.37500000       6.46333265      -1.57083511      0.712024987     -0.814519763              62  0.139570177     pi0139plu      
  -2.50072193       5.10255909      -2.37934709       5.65341711      -1.69128132     -0.443369895      0.529735625              63  0.139570177     pi0139plu      
 -0.500000000       3.90000010       3.48573923       2.86271596       3.22965336      0.412510931      0.541958034              64  0.139570177     pi0139plu      
  -1.89999998       4.09999990      -2.18756628       7.36038303      -3.27072191       2.42577810E-02  0.167803064              65  0.139570177     pi0139plu      
   3.20802903       4.40324926      -1.37500000       2.89546251      -1.47678852      0.261114806       1.46930742              66  0.139570177     pi0139plu      
   1.89999998     -0.699999988      0.375000000       8.29380608     -0.172543049      0.546711028      0.194501981              67  0.139570177     pi0139plu      
   4.30250216     -0.904120028      -2.62716627       4.15829134      -2.82384157      0.397737026     -0.559480011              68  0.139570177     pi0139plu      
   3.90000010     -0.100000001      0.875000000       7.12690926      -5.61122894E-02   3.07026133E-02 -0.262355089              69  0.139570177     pi0139plu      
  -5.19571543     -0.365211755      0.625000000       4.26805305      0.265961647     -0.724653542      0.463991672              70  0.139570177     pi0139plu      
   2.17772102       4.17214632      0.625000000       1.43845344      0.988432884      0.435216367       3.05347592E-02          71  0.139570177     pi0139plu      
   3.82949996      -3.10147357     -0.125000000       5.17547607      0.281803608       2.57293105     -0.147649378              72  0.139570177     pi0139plu      
   2.10693932     -0.100000001      -2.39368510       7.52489519      -4.12895298      -9.22468975E-02 -0.128896177              73  0.139570177     pi0139plu      
   1.50000000       4.74979925      -1.37500000       4.15000010      -1.44635153      0.323828161      0.919870555              74  0.139570177     pi0139plu      
   3.84317207      -2.50000000      0.375000000       7.01383924       1.22336435      0.643984199     -0.366523653              75  0.139570177     pi0139plu      
  0.500000000      -1.29999995      0.625000000       8.33825111      0.842977524      -5.42203374E-02 -0.889325321              76  0.139570177     pi0139plu      
  -1.95396686      -3.97986317       2.46546721       4.33738947       2.48247719     -0.675695777     -0.638525546              77  0.139570177     pi0139plu      
   2.23289204      -4.49909067      -1.12500000       2.11882544      -1.54140353      0.873894751     -0.494719416              78  0.139570177     pi0139plu      
   1.70000005      -4.63199711     -0.125000000       5.46427774      -6.43501282E-02  0.322122842      -1.21345985              79  0.139570177     pi0139plu      
  -1.71786797       5.83502722      -2.84894276       1.60473120      -3.35352302      0.480445743      0.357306391              80  0.139570177     pi0139plu      
   5.66479015      0.899999976      -1.87500000       3.06721544      -2.24094987      0.277832270      0.292513371              81  0.139570177     pi0139plu      
  -1.70000005      -2.70000005       3.93391347      0.150000006       4.53985977      0.278838843     -0.372456104              82  0.139570177     pi0139plu      
  -2.24500895       6.01210403       1.37500000       4.36949587       1.26899195      -1.47019792       2.46531010              83  0.139570177     pi0139plu      
  -4.96987343       3.29999995      0.375000000       4.37175894     -0.410146713      -9.18633342E-02  0.564084589              84  0.139570177     pi0139plu      
   3.81777048      -3.29999995     -0.375000000       5.01676130     -0.137893677       2.77790022     -0.335547864              85  0.139570177     pi0139plu      
   3.70000005     -0.899999976       3.47973704       2.83969283       3.66050339      0.552434564       2.27032918E-02          86  0.139570177     pi0139plu      
  -3.55955100      0.300000012      -2.22852206       6.88429785      -2.37605095     -0.790346920      0.308655918              87  0.139570177     pi0139plu      
   1.54342449       4.98340273      0.375000000       3.33689070      0.292249203      -6.22450635E-02   1.04921973              88  0.139570177     pi0139plu      
 -0.699999988     -0.300000012     -0.375000000       8.67347240      0.124712467     -0.573900282      0.178304523              89  0.139570177     pi0139plu      
   1.71050453      -4.56156301       2.36618900       3.65000010       2.67878056      0.176882669      -2.94464874              90  0.139570177     pi0139plu      
  -5.09824371     -0.500000000     -0.875000000       4.65000010     -0.850853920     -0.473022044     -0.450397730              91  0.139570177     pi0139plu      
  -3.25001168       4.24378061     -0.125000000       7.43441582     -0.578240871     -0.525763452      -3.53338569E-02          92  0.139570177     pi0139plu      
  -5.14977169       1.50000000       1.37500000       4.76752138       1.30256128     -0.958082438      0.129715681              93  0.139570177     pi0139plu      
  -4.09999990      -2.64756036     -0.125000000       6.52441978      -3.28741074E-02 -0.466324449     -0.635596633              94  0.139570177     pi0139plu      
  -2.90000010       3.29999995       3.04762220       6.04245377       4.78102398      -3.45396809E-02  -2.74891710              95  0.139570177     pi0139plu      
  -3.02247787      -2.29999995       3.00729609       4.92803192       3.50835896      -2.10098124      0.443546236              96  0.139570177     pi0139plu      
   4.29284525     -0.899999976     -0.625000000       6.15000010     -0.707439899      0.546619296      0.166590497              97  0.139570177     pi0139plu      
  -1.58550954      -4.39107037      -2.48636150       3.87973118      -2.87247849     -0.254394919     -0.766275764              98  0.139570177     pi0139plu      
   3.47649980      -3.27753901       1.60247099       6.09145832       1.99893999      0.337768018     -0.730047524              99  0.139570177     pi0139plu      
  -4.78050137       3.96635723       2.20748162       3.84695673       2.49947023      -2.37415601E-02  0.401613891             100  0.139570177     pi0139plu      
   5.03166771       2.63282228      0.625000000       2.15000010      0.765561104      0.460366696      0.605677903             101  0.139570177     pi0139plu      
   3.40685892       3.43853974       2.75682831       4.15000010       3.33286572      0.265213251      -2.83696204E-02         102  0.139570177     pi0139plu      
 -0.699999988       2.50000000      -3.46927881       5.29542446      -2.55088210      -8.77005234E-02  0.411783457             103  0.139570177     pi0139plu      
  -1.89999998       3.29999995      -3.03773403       6.48446560      -4.99111366       1.80977964     -0.985076070             104  0.139570177     pi0139plu      
   1.70000005       3.29999995      -3.43020844       3.65000010      -3.69234610      0.243264541      0.576785803             105  0.139570177     pi0139plu      
  -1.04594147      -5.21513844      -1.62500000       1.36496556      -1.65024233     -0.267666519      -2.78561711             106  0.139570177     pi0139plu      
   1.70000005      -1.70000005      0.625000000       8.16557312       8.99448395E-02  0.304828525       4.22129743E-02         107  0.139570177     pi0139plu      
 -0.300000012     -0.500000000      -3.48179793       5.34051371      -3.81807804     -0.426765352     -0.288584948             108  0.139570177     pi0139plu      
 -0.899999976       4.90000010     -0.125000000       7.58728027       2.52556801E-02  -6.70688748E-02  0.669111252             109  0.139570177     pi0139plu      
  0.300000012       2.90000010       3.51734233       4.46089172       2.64542389       8.81134905E-03   9.10570621E-02         110  0.139570177     pi0139plu      
   3.88986230       2.28062582       3.36465526       2.13858485       3.34803963      -3.58253485E-03  0.415163100             111  0.139570177     pi0139plu      
   3.14415741      -4.38348913      0.375000000       3.46479893      0.528786182      0.884823203     -0.152883306             112  0.139570177     pi0139plu      
  -4.50155067       5.16746664       1.90125346       1.47241676       2.22728443     -0.585983038      0.188900307             113  0.139570177     pi0139plu      
  -1.89762688      -2.69128203       3.17097735       5.11392307       3.11716080     -0.168480039     -0.104180530             114  0.139570177     pi0139plu      
   5.60140753       1.60274720      -2.00621819       2.41125941      -2.01059866       2.73207331     -0.384881884             115  0.139570177     pi0139plu      
  -3.18439555      -3.70000005     -0.875000000       1.84377241     -0.467468262     -0.919819951      0.321975410             116  0.139570177     pi0139plu      
  -3.90000010      -1.10000002      -1.37500000       7.51100016      -1.68851185     -0.258395314      -9.46898907E-02         117  0.139570177     pi0139plu      
  -4.13237047       1.89999998     -0.625000000       7.35763741     -0.149708271     -0.181506902     -0.656314313             118  0.139570177     pi0139plu      
   5.53996420      0.292469591     -0.625000000       3.60704637     -0.955159187      0.921640575     -0.520919740             119  0.139570177     pi0139plu      
   4.15124083       2.71669674       1.38042915       3.66519570       1.26294088      0.437011242      0.922785223             120  0.139570177     pi0139plu      
   5.40495777       2.01865792       2.04770923       1.14999998       2.15105104       2.30749083      0.459144771             121  0.139570177     pi0139plu      
  0.500000000      0.500000000      -1.62500000       8.57433414     -0.905596733     -0.691542983      0.147146702             122  0.139570177     pi0139plu      
   5.14586830      -1.29999995      -1.12500000       2.55535531      -1.15603685       2.51312828     -0.354116112             123  0.139570177     pi0139plu      
   1.85190952      0.100000001     -0.625000000       8.42253208      -1.31378126       1.01867247     -0.154896349             124  0.139570177     pi0139plu      
  -2.92437601      -2.09999990      0.375000000      0.649999976     -0.468035221     -0.120933406     -0.189731523             125  0.139570177     pi0139plu      
   4.70844460      -1.70861971      -1.37500000       2.14675426      -1.18460894      0.596464038     -0.723930299             126  0.139570177     pi0139plu      
  -1.29999995     -0.899999976       3.99429440       1.29051936       4.56478214      -4.15203907E-02  -6.92274701E-03         127  0.139570177     pi0139plu      
  -5.36282587       3.54565120       1.12500000       2.78393483       1.42214060     -0.564062059      0.318539202             128  0.139570177     pi0139plu      
  -1.10000002      -5.68414593     -0.875000000       2.65000010     -0.643262386     -0.266238213      -2.97830105             129  0.139570177     pi0139plu      
   2.10605431      -4.56240273      -1.37500000       3.12483168      -1.29612565       1.92582762      -5.73225617E-02         130  0.139570177     pi0139plu      
  -2.90000010     -0.699999988     -0.375000000       7.95410824     -0.704307079     -0.101258680      -1.02753627             131  0.139570177     pi0139plu      
   5.36237812       2.09729791      -2.61772990      0.627552092      -2.90731239       2.10543084     -0.157467291             132  0.139570177     pi0139plu      
   2.80369163      -2.00519848       3.50128341       2.40469599       3.57663918       2.97506475     -0.362988502             133  0.139570177     pi0139plu      
   4.11121178       1.10000002      -1.36111069       6.55080462      -1.63819599      0.543843210      0.293172210             134  0.139570177     pi0139plu      
  -1.89999998       4.50000000       1.12500000       7.70115995      0.516256809     -0.495244563      0.379960299             135  0.139570177     pi0139plu      
   2.09999990       3.89563179      0.375000000       7.47286558      0.336331367       6.91821203E-02  0.367679387             136  0.139570177     pi0139plu      
   4.01166534       3.20803714       2.51154637       2.15000010       2.71210098     -0.686593592       2.29184484             137  0.139570177     pi0139plu      
   1.29999995      -5.74316597      -1.87500000      0.150000006      -1.87833738      0.442110926     -0.751476347             138  0.139570177     pi0139plu      
  0.165076137       4.78123665       2.47147059       3.87618184       2.72175694       9.60829630E-02  0.676329434             139  0.139570177     pi0139plu      
  -2.09999990       6.21699190     -0.625000000       1.98934019      0.538191319       7.92573914E-02   8.60992968E-02         140  0.139570177     pi0139plu      
   3.62995005       4.03954935      -1.85880089       6.10942745      -1.82167530      0.178714424      0.370364159             141  0.139570177     pi0139plu      
   2.70000005       4.25435400      0.875000000       2.31065917       1.24972820      0.442596734      0.220747277             142  0.139570177     pi0139plu      
  -2.67393589      -3.87252045      -2.34268522       3.08606005      -2.73333263     -0.713642716     -0.478214949             143  0.139570177     pi0139plu      
  -1.49810326      -3.09999990      -3.78952718       1.67191720      -3.73019886     -0.142205015     -0.227436706             144  0.139570177     pi0139plu      
  -2.29999995       2.70000005       2.88858390       6.73297691       2.85919428      0.208571911      0.554145753             145  0.139570177     pi0139plu      
  -3.30877256       2.50000000      -3.22138333       5.18000460      -3.65773964     -0.587556720     -0.235761210             146  0.139570177     pi0139plu      
  -2.70000005       5.89772749       2.36842871       2.34252620       3.01373959     -0.417623997      0.135441795             147  0.139570177     pi0139plu      
   2.50000000      0.699999988      -3.85477591       2.65000010      -4.92262077      -4.98646833E-02   5.91080859E-02         148  0.139570177     pi0139plu      
   3.93613577      -1.89999998      -1.62500000       4.74668694      -2.15435266      0.744304895      -1.58292130E-02         149  0.139570177     pi0139plu      
  -4.82058716     -0.289429843     -0.891581833       6.19533014      -1.05346560     -0.885398924     -0.199689507             150  0.139570177     pi0139plu      
 -0.500000000       5.47695780     -0.625000000       1.22293937     -0.661472797      -7.36521333E-02  0.957413435             151  0.139570177     pi0139plu      
  0.300000012     -0.300000012       3.50403404       5.41604519       4.70378876      -4.05355133E-02   6.56202063E-02         152  0.139570177     pi0139plu      
   4.96200466      -1.55686307       2.21119666       3.82576537       2.31300879       2.45734668      -6.68048412E-02         153  0.139570177     pi0139plu      
   2.13490105      -4.30000019       2.62500000      0.150000006       2.69240475      0.752645552      0.223175377             154  0.139570177     pi0139plu      
  -1.40736401       5.99651527      0.625000000       1.48379111      0.472159386      0.847395182      0.581618369             155  0.139570177     pi0139plu      
 -0.300000012     -0.100000001       3.13569069       6.65000010       3.76218224      -1.81928551      0.441399634             156  0.139570177     pi0139plu      
  0.500000000      -1.10000002       3.09785604       6.62475586       3.56820488     -0.701859236       8.18057805E-02         157  0.139570177     pi0139plu      
  -1.25771713       6.23453188     -0.625000000       3.28859830     -0.513281345     -0.397451758      0.491090059             158  0.139570177     pi0139plu      
   5.38925648      0.232375696      -2.47498274       2.65000010      -2.80652285       2.88870358      -7.95847625E-02         159  0.139570177     pi0139plu      
  -3.70852566       4.10913229       1.37500000       6.68012333       1.09610081     -0.400257438      0.829953074             160  0.139570177     pi0139plu      
  -3.65970182      -2.50000000       1.87500000       2.29022193       1.68445396      -1.02050889     -0.284493119             161  0.139570177     pi0139plu      
 -0.500000000       5.33728981       1.87500000      0.649999976       1.22973204     -0.100250997      0.606259942             162  0.139570177     pi0139plu      
  -5.31020117       2.29438424     -0.125000000       1.16165531      0.506966591     -0.578875780      -7.33904764E-02         163  0.139570177     pi0139plu      
   4.15357876       3.36657286      0.375000000       2.65000010      0.245223999       1.04354632      0.634279132             164  0.139570177     pi0139plu      
  -3.80520439      -1.40573263      0.875000000      -5.61653860E-02   1.38827991      0.219926611      0.190190166             165  0.139570177     pi0139plu      
   2.29999995      -1.10000002     -0.125000000       8.13649559     -0.487299919      0.537744343     -0.272059977             166  0.139570177     pi0139plu      
  0.100000001      -5.90288973       1.12500000       2.65000010       1.30559874      0.518864393      -1.68887210             167  0.139570177     pi0139plu      
  -1.23234463      -5.40999222      0.875000000       1.88288188       1.00785637     -0.770012379      -1.12055945             168  0.139570177     pi0139plu      
   4.03922796      -1.50000000      -1.37500000       6.55543995      -1.27239585      0.667320073     -0.546794772             169  0.139570177     pi0139plu      
   1.29999995      -2.70000005     -0.125000000       7.96832943      0.118107796     -0.143838137     -0.675042331             170  0.139570177     pi0139plu      
  -4.30796480      -1.10000002       1.37656653       7.36114502       1.09540701     -0.799980223      0.362911493             171  0.139570177     pi0139plu      
  -4.59749317      -1.79043579      -1.49306798       6.89545965      -1.10436797      -1.08107781       4.49173562E-02         172  0.139570177     pi0139plu      
  -2.31851554      -3.32005501      -1.89819896       6.34455538      -1.88450336     -0.476363510     -0.892990828             173  0.139570177     pi0139plu      
  -1.29999995      -4.43563080      -2.78027153       3.49689722      -2.73003626     -0.762739062     -0.233978093             174  0.139570177     pi0139plu      
  0.882641792       4.08413172      -3.67311764       1.60421753      -3.95829725       2.86188221      -1.08526275E-02         175  0.139570177     pi0139plu      
   3.55967593     -0.508181334      -2.97134209       5.15945196      -3.25399280       2.79517603     -0.165277779             176  0.139570177     pi0139plu      
   3.93167758      -2.29999995       1.12500000       6.65000010       1.07387972       2.14505219     -0.415309101             177  0.139570177     pi0139plu      
   2.82503629     -0.699999988      -3.25936937       5.43598700      -3.51391268      0.688771725     -0.285381705             178  0.139570177     pi0139plu      
  -3.11978865       5.68004799      0.125000000       2.74275112      0.295500755     -0.435193002      0.873434842             179  0.139570177     pi0139plu      
 -0.699999988      -4.23392820      -4.02566624      0.471472681      -4.48943043      0.680413544     -0.946614385             180  0.139570177     pi0139plu      
   2.89692616      -3.89610887      -2.62622881       2.66604614      -2.61466789       1.46312654      -2.49418235             181  0.139570177     pi0139plu      
  -5.35877705       1.50000000       1.12500000       1.61933219      0.963635445     -0.806686759      0.162417695             182  0.139570177     pi0139plu      
   4.58852005       2.99152613      -1.87728179       2.13947320      -2.30812740       6.82976469E-02  0.400304973             183  0.139570177     pi0139plu      
  0.300000012      -3.09999990      -1.12500000       7.73168945      -1.36315346      0.245687544     -0.907840788             184  0.139570177     pi0139plu      
  -1.50000000       2.09999990     -0.875000000       8.14221478     -0.275400162     -0.340621024      -2.76390109E-02         185  0.139570177     pi0139plu      
   2.68124223      -3.28393745      -1.10210431       7.43904305     -0.372205257      0.180336937     -0.992141008             186  0.139570177     pi0139plu      
   4.50000000       1.10000002       3.46867824       2.30215502       3.87167931       1.80585885      -1.43435502             187  0.139570177     pi0139plu      
  -1.44568276      -5.61498117       1.12500000       2.82650328       1.02864170      -1.25486493      -1.74043453             188  0.139570177     pi0139plu      
   3.09999990      0.100000001       3.88841510       1.64999998       4.30475235      0.776395023      0.459732533             189  0.139570177     pi0139plu      
  -1.29999995       4.69999981      -2.86873841       5.65000010      -2.65973854     -0.339083731      0.667062223             190  0.139570177     pi0139plu      
   2.09999990       3.09999990      -3.44615960       3.15000010      -3.35303831      0.228868380      0.557378948             191  0.139570177     pi0139plu      
   2.50000000      0.300000012      -3.52064013       4.98211527      -4.00192070      0.626332283     -0.131302640             192  0.139570177     pi0139plu      
   5.71690893       1.29999995      0.375000000       2.15000010      0.558021545       2.10850382      0.663514376             193  0.139570177     pi0139plu      
   2.17540050      -4.88745070      -2.36379623      0.120131403      -2.51017690      0.492226928     -0.583318114             194  0.139570177     pi0139plu      
  -3.93984747      -2.70000005     -0.625000000       3.04273558     -0.231187820     -0.388438970     -0.298552752             195  0.139570177     pi0139plu      
   2.48686671       2.68675947       2.11879945       7.47019482       1.92199993     -0.245037213      0.689904153             196  0.139570177     pi0139plu      
  -1.09060264       6.03421116       2.36519241       2.80471110       2.70409298      -8.03334117E-02  0.374705851             197  0.139570177     pi0139plu      
   4.97892523     -0.899999976      -2.70323110       2.52958775      -3.10901642       2.30061889     -0.129531965             198  0.139570177     pi0139plu      
  -1.78049421       6.21489477      0.375000000      0.150000006     -0.369328976      0.234586760      0.363439113             199  0.139570177     pi0139plu      
   4.43658638      -2.02774072       1.87500000       2.34555745       1.88988113       2.71923208     -0.339435637             200  0.139570177     pi0139plu      
  -3.53836083      -1.13903236      -3.17266130      0.749159813      -3.32601070     -0.534408092     -0.574883044             201  0.139570177     pi0139plu      
   1.96650898       4.76002121      0.125000000       2.15000010      0.140658379       2.62576008     -0.256256282             202  0.139570177     pi0139plu      
   5.12063026      0.309010684      -2.70503139       3.20572305      -2.90472507       2.75138664      -4.71429750E-02         203  0.139570177     pi0139plu      
   4.64119577       1.10000002      -1.62500000       4.53789282      -1.26811981      0.994954944      0.189185619             204  0.139570177     pi0139plu      
   2.28614569      -4.24243689      -2.36375141       2.68604779      -2.27125931      -1.03564132E-02 -0.501626194             205  0.139570177     pi0139plu      
   2.89850903       3.90623403       2.80227065       5.15000010       3.47055054      0.446191758      0.468139499             206  0.139570177     pi0139plu      
  0.300000012      -5.82700968       1.87500000       2.32656717       1.47431803      0.770438790     -0.811235964             207  0.139570177     pi0139plu      
  -3.14396524      0.300000012       1.70536017       7.38248539       1.40439796     -0.707816541      0.176247954             208  0.139570177     pi0139plu      
  -3.68274879      -1.48036516      -2.37500000      0.150000006      -2.98189354      -1.52686080E-02  -1.71363782E-02         209  0.139570177     pi0139plu      
   4.89795113      -1.89804375      -1.87387085       3.65000010      -1.73981905       2.68322945     -0.312171936             210  0.139570177     pi0139plu      
  -1.10451853       4.69455624      -3.27053785       3.47860122      -3.40092182      0.101220399      0.534312129             211  0.139570177     pi0139plu      
   3.10757542      -1.50000000       2.62644577       6.66522789       3.20955753      0.210137412       2.75998432E-02         212  0.139570177     pi0139plu      
   3.93701291      -1.10276151       2.36630654       5.15000010       2.58862019     -0.244522437     -0.589320242             213  0.139570177     pi0139plu      
  -3.98256898      -1.37973404      -2.73540115       3.46765685      -2.17501211     -0.945156336      0.226392955             214  0.139570177     pi0139plu      
  -3.09999990       3.90000010     -0.875000000       7.65410423     -0.905891418     -0.538828790       9.65259448E-02         215  0.139570177     pi0139plu      
  -3.48196244       3.87956452       2.04148388       6.94325829       2.00202179     -0.910622060      0.470326930             216  0.139570177     pi0139plu      
   3.58016849       2.29999995      -2.48033786       6.36617231      -2.21996832       2.51008296      -2.34882291E-02         217  0.139570177     pi0139plu      
   3.78646684       3.59325981      -1.12500000       2.75632739      -1.40090942     -0.199563906      0.764748871             218  0.139570177     pi0139plu      
   1.29999995      -2.70000005       3.37097192       5.15000010       3.47630119      0.687449098      0.216827139             219  0.139570177     pi0139plu      
   3.46713114      -3.70000005       1.37500000       2.79762316       1.14933109      0.576484561     -0.216385230             220  0.139570177     pi0139plu      
  0.213787347      -2.59476256      -2.24812317       7.39902830      -1.59549832      -2.60129310E-02 -0.400276840             221  0.139570177     pi0139plu      
   4.17447376      -2.16641331     -0.625000000       1.99719131     -0.494980335       1.00292957     -0.501976669             222  0.139570177     pi0139plu      
  -4.44229031     -0.853115618     -0.875000000       2.30501103     -0.895560265      -2.51917815      -1.08251071             223  0.139570177     pi0139plu      
  -4.19439125       4.58024693      -1.72349930       4.87496710      -1.13791943     -0.853831470      0.414482147             224  0.139570177     pi0139plu      
  -2.50486517     -0.100000001      -1.12525570       7.94717598     -0.679127693     -0.211067140     -0.776241124             225  0.139570177     pi0139plu      
  0.918791890       4.91272211       3.21358967       1.80287182       4.01686478      0.307523817      0.343825161             226  0.139570177     pi0139plu      
  -4.51085663       3.09999990     -0.625000000       5.65000010     -0.340974808     -0.821497202      0.467444837             227  0.139570177     pi0139plu      
  -2.49852610      -4.48446989      -1.85843396       3.02970123      -1.89832211     -0.980855584     -0.330551386             228  0.139570177     pi0139plu      
  -4.08369827       1.50163877     -0.375000000       7.34577322      -1.17756891     -0.414069772      0.909714043             229  0.139570177     pi0139plu      
  -1.97869205      0.300000012      -2.74312520       6.89132690      -2.87682247     -0.182899117     -0.635931492             230  0.139570177     pi0139plu      
  0.899999976       4.96595764     -0.375000000       3.83860564     -0.629396439      0.426628768       1.06992579             231  0.139570177     pi0139plu      
  -3.03667045      -3.81561565      -1.35774338       5.13018417      -1.37128830     -0.845434725     -0.761225522             232  0.139570177     pi0139plu      
   3.18837428       3.98904467      -2.49137998       5.85678577      -2.43421674      0.249195248      0.739612758             233  0.139570177     pi0139plu      
 -0.100000001       3.29633284      -3.79750133       2.17660284      -4.57240200      -2.91981721     -0.409061641             234  0.139570177     pi0139plu      
  -4.43764782     -0.899999976     -0.875000000       7.42224073     -0.917602062     -0.528764963      0.163750097             235  0.139570177     pi0139plu      
   3.67029762       4.31569481      0.375000000       5.66111135      0.563954830      0.650483668     -0.186502159             236  0.139570177     pi0139plu      
   4.79995584     -0.399883419       2.99993229       1.90081763       3.13650513       1.03636289     -0.427212417             237  0.139570177     pi0139plu      
  -3.57895017      -1.57033288       1.62500000       1.52009475       1.96536827     -0.914263487     -0.456858844             238  0.139570177     pi0139plu      
  0.449152082       4.23819065      -2.27314663       6.45290565      -2.57783842       2.98246983E-02  0.837757707             239  0.139570177     pi0139plu      
   4.07642603      -1.70000005     -0.125000000       6.65000010      0.554403305      0.499935865     -0.156672820             240  0.139570177     pi0139plu      
   2.23003149      -4.30000019       1.12500000       1.30165505       1.07717228      0.712497115      0.522682905             241  0.139570177     pi0139plu      
  -3.10646868       3.50104022       2.39325809       7.03521204       2.34119797     -0.804043651       2.81216836             242  0.139570177     pi0139plu      
   4.63438416     -0.500000000      -2.27819967       4.42857361      -1.55226278      0.333904445      -8.44972953E-02         243  0.139570177     pi0139plu      
  -2.90627193       6.25500631      0.625000000       1.12866271       1.00364017      -1.20519459      0.539712906             244  0.139570177     pi0139plu      
   3.61995101       4.62647438       1.35072541       4.63130808       1.71694517      0.228832558      0.948407114             245  0.139570177     pi0139plu      
  -4.02441502      -3.02342916      -1.87500000       5.43911791      -2.07808208     -0.477563649     -0.568361878             246  0.139570177     pi0139plu      
  -4.44228315     -0.853034973      -1.12500000       2.30505323     -0.875821114     -0.803598583      -2.87975931             247  0.139570177     pi0139plu      
   4.36508846     -0.300000012     -0.625000000       6.21318340     -0.367985725      0.759179831     -0.176802427             248  0.139570177     pi0139plu      
 -0.699999988      -5.24028349      -2.37500000       1.30884242      -2.08625984     -0.120912418     -0.910224736             249  0.139570177     pi0139plu      
  -1.10000002      0.500000000      -3.97710967       2.69420123      -4.60469961       1.75848591       2.14023232             250  0.139570177     pi0139plu      
  -4.19643021       2.98742175       1.74054587       6.89292574       1.31853151     -0.510342598      0.824180245             251  0.139570177     pi0139plu      
  -4.80273724      0.193773434      -2.25286984       4.90806293      -2.19004917     -0.846711218     -0.348840743             252  0.139570177     pi0139plu      
   5.29514742      -1.08498049       1.35433888       4.15121126       1.10843897       1.47211611     -0.136937857             253  0.139570177     pi0139plu      
  -3.31589866      -2.51350307      0.375000000       1.70681393       3.74898911E-02  -1.11185706      0.147976249             254  0.139570177     pi0139plu      
  -2.97407198      -2.64952421       1.87500000      0.975035429       2.14841318     -0.355989814     -0.215265393             255  0.139570177     pi0139plu      
  -5.30000019       3.09999990      0.875000000       4.12445593       1.16218185       1.39371101E-02  0.827632189             256  0.139570177     pi0139plu      
  -1.89602971      -4.90025187      -1.12500000       3.48895764     -0.591204643      -1.20910583E-02 -0.958292663             257  0.139570177     pi0139plu      
   4.35962105     -0.100000001       2.98132515       3.87106371       3.12384129      0.720071256      -7.42315426E-02         258  0.139570177     pi0139plu      
   3.33219838      -3.50000000     -0.375000000       2.52468801      -1.65600777E-02  0.766166449     -0.796223164             259  0.139570177     pi0139plu      
  -1.72451448      -3.90771294      0.887916684       6.16509676      0.993060589     -0.221532121       3.11068036E-02         260  0.139570177     pi0139plu      
  -1.43953013      -5.61297083       1.37500000       3.01325583       1.39919567     -0.303809643     -0.458789527             261  0.139570177     pi0139plu      
  -3.43237901       5.42856407     -0.625000000       5.45252657     -0.541047573      -2.40276551       1.64469194             262  0.139570177     pi0139plu      
  -5.60319138       4.20431805      0.875000000       1.90935099       1.30017757     -0.770196974       1.06349719             263  0.139570177     pi0139plu      
   4.98637104      0.500000000       2.73746085       3.38678193       2.83475399       2.96113396      -9.34963673E-03         264  0.139570177     pi0139plu      
   3.09999990     -0.100000001      -1.37500000       7.60677576      -1.91885471      0.858574390      0.111071885             265  0.139570177     pi0139plu      
   3.74963284       1.50000000       2.95823455       4.65000010       3.13896465       2.61951137      -7.40835071E-02         266  0.139570177     pi0139plu      
   2.50000000      0.500000000      -3.51777291       4.97071552      -3.29375792      0.396109104      0.473837763             267  0.139570177     pi0139plu      
   5.33274460      -1.28472042       1.61164856       3.19548512       1.42586708       1.03290939     -0.150529906             268  0.139570177     pi0139plu      
   1.50000000     -0.300000012     -0.125000000       8.49326038       7.79342651E-03  0.177115276     -0.933280945             269  0.139570177     pi0139plu      
   2.50000000      -4.02350378      -2.76578999       4.45495605      -2.67638922      -9.19535831E-02 -0.292438984             270  0.139570177     pi0139plu      
  -1.70000005       5.46884584      -1.12500000       6.59709883      -1.16714835     -0.220700949      0.942817032             271  0.139570177     pi0139plu      
   5.42114305       2.03838658       1.37500000       2.15000010       1.69124889       1.83955503       1.15999198             272  0.139570177     pi0139plu      
   2.78212929      -2.79540181     -0.375000000      0.305468410     -0.564079285      0.278416514     -0.908527672             273  0.139570177     pi0139plu      
   1.29366326      -4.09850740      -1.36122084       6.64302111      -1.06813622      0.265735000     -0.253436953             274  0.139570177     pi0139plu      
